{
 "cells": [
  {
   "cell_type": "markdown",
   "metadata": {},
   "source": [
    "## Tutorial on using TMVA methods\n",
    "\n",
    "In this tutorial we will use the Boosted Decision Tree of the TMVA library, installed with ROOT, for a binary classification problem. A .root file with higgs signal and background events is used as input.\n",
    "First, we will import some usefull libraries:"
   ]
  },
  {
   "cell_type": "code",
   "execution_count": 1,
   "metadata": {},
   "outputs": [
    {
     "name": "stdout",
     "output_type": "stream",
     "text": [
      "Welcome to JupyROOT 6.14/04\n"
     ]
    }
   ],
   "source": [
    "from ROOT import TMVA, TFile, TTree, TCut\n",
    "from subprocess import call\n",
    "from os.path import isfile"
   ]
  },
  {
   "cell_type": "markdown",
   "metadata": {},
   "source": [
    "Now, we will set up TMVA, specifying the output file and the analysis type of the TMVA factory"
   ]
  },
  {
   "cell_type": "code",
   "execution_count": 2,
   "metadata": {
    "scrolled": false
   },
   "outputs": [],
   "source": [
    "# Setup TMVA\n",
    "TMVA.Tools.Instance()\n",
    "TMVA.PyMethodBase.PyInitialize()\n",
    "\n",
    "output = TFile.Open('TMVA.root', 'RECREATE')\n",
    "factory = TMVA.Factory('TMVAClassification', output,\n",
    "                       '!V:!Silent:Color:DrawProgressBar::AnalysisType=Classification')\n"
   ]
  },
  {
   "cell_type": "markdown",
   "metadata": {},
   "source": [
    "We have to select the input root file. It has two trees, one for the signal events and one for the background. Each one contains the same variables. The necessary labels will be handled by TMVA when we specify the signal and background tree. Then, we chose the number of event we want to train our model."
   ]
  },
  {
   "cell_type": "code",
   "execution_count": 3,
   "metadata": {},
   "outputs": [
    {
     "name": "stdout",
     "output_type": "stream",
     "text": [
      "DataSetInfo              : [dataset] : Added class \"Signal\"\n",
      "                         : Add Tree TreeS of type Signal with 5296 events\n",
      "DataSetInfo              : [dataset] : Added class \"Background\"\n",
      "                         : Add Tree TreeB of type Background with 4703 events\n",
      "                         : Dataset[dataset] : Class index : 0  name : Signal\n",
      "                         : Dataset[dataset] : Class index : 1  name : Background\n"
     ]
    }
   ],
   "source": [
    "data = TFile.Open('../data/higgs_small.root')\n",
    "# data = TFile.Open('../data/higgs.root')\n",
    "signal = data.Get('TreeS')\n",
    "background = data.Get('TreeB')\n",
    "\n",
    "dataloader = TMVA.DataLoader('dataset')\n",
    "for branch in signal.GetListOfBranches():\n",
    "    dataloader.AddVariable(branch.GetName())\n",
    "\n",
    "dataloader.AddSignalTree(signal, 1.0)\n",
    "dataloader.AddBackgroundTree(background, 1.0)\n",
    "dataloader.PrepareTrainingAndTestTree(TCut(''),\n",
    "                                      'nTrain_Signal=3000:nTrain_Background=2500:SplitMode=Random:NormMode=NumEvents:!V')"
   ]
  },
  {
   "cell_type": "markdown",
   "metadata": {},
   "source": [
    "---\n",
    "Next step is choosing the built in method we want to use. We will use a BDT with 80 estimators, each one with a max depth of 4. With the `VarTransform` option we call aply transformations on the input variables. Here, we're using the decorrelation (`D`) and the gaussianization (`G`) options. Other options are normalisation,principal component analysis (PCA) and uniformisation with short-hand versions of (`N`,`P`,`U`) "
   ]
  },
  {
   "cell_type": "code",
   "execution_count": 4,
   "metadata": {},
   "outputs": [
    {
     "data": {
      "text/plain": [
       "<ROOT.TMVA::MethodBDT object (\"BDT\") at 0x555e3dd88640>"
      ]
     },
     "execution_count": 4,
     "metadata": {},
     "output_type": "execute_result"
    },
    {
     "name": "stdout",
     "output_type": "stream",
     "text": [
      "Factory                  : Booking method: \u001b[1mFisher\u001b[0m\n",
      "                         : \n",
      "Fisher                   : [dataset] : Create Transformation \"G\" with events from all classes.\n",
      "                         : \n",
      "                         : Transformation, Variable selection : \n",
      "                         : Input : variable 'lepton_pT' <---> Output : variable 'lepton_pT'\n",
      "                         : Input : variable 'lepton_eta' <---> Output : variable 'lepton_eta'\n",
      "                         : Input : variable 'lepton_phi' <---> Output : variable 'lepton_phi'\n",
      "                         : Input : variable 'missing_energy_magnitude' <---> Output : variable 'missing_energy_magnitude'\n",
      "                         : Input : variable 'missing_energy_phi' <---> Output : variable 'missing_energy_phi'\n",
      "                         : Input : variable 'jet_1_pt' <---> Output : variable 'jet_1_pt'\n",
      "                         : Input : variable 'jet_1_eta' <---> Output : variable 'jet_1_eta'\n",
      "                         : Input : variable 'jet_1_phi' <---> Output : variable 'jet_1_phi'\n",
      "                         : Input : variable 'jet_1_b_tag' <---> Output : variable 'jet_1_b_tag'\n",
      "                         : Input : variable 'jet_2_pt' <---> Output : variable 'jet_2_pt'\n",
      "                         : Input : variable 'jet_2_eta' <---> Output : variable 'jet_2_eta'\n",
      "                         : Input : variable 'jet_2_phi' <---> Output : variable 'jet_2_phi'\n",
      "                         : Input : variable 'jet_2_b_tag' <---> Output : variable 'jet_2_b_tag'\n",
      "                         : Input : variable 'jet_3_pt' <---> Output : variable 'jet_3_pt'\n",
      "                         : Input : variable 'jet_3_eta' <---> Output : variable 'jet_3_eta'\n",
      "                         : Input : variable 'jet_3_phi' <---> Output : variable 'jet_3_phi'\n",
      "                         : Input : variable 'jet_3_b_tag' <---> Output : variable 'jet_3_b_tag'\n",
      "                         : Input : variable 'jet_4_pt' <---> Output : variable 'jet_4_pt'\n",
      "                         : Input : variable 'jet_4_eta' <---> Output : variable 'jet_4_eta'\n",
      "                         : Input : variable 'jet_4_phi' <---> Output : variable 'jet_4_phi'\n",
      "                         : Input : variable 'jet_4_b_tag' <---> Output : variable 'jet_4_b_tag'\n",
      "                         : Input : variable 'm_jj' <---> Output : variable 'm_jj'\n",
      "                         : Input : variable 'm_jjj' <---> Output : variable 'm_jjj'\n",
      "                         : Input : variable 'm_lv' <---> Output : variable 'm_lv'\n",
      "                         : Input : variable 'm_jlv' <---> Output : variable 'm_jlv'\n",
      "                         : Input : variable 'm_bb' <---> Output : variable 'm_bb'\n",
      "                         : Input : variable 'm_wbb' <---> Output : variable 'm_wbb'\n",
      "                         : Input : variable 'm_wwbb' <---> Output : variable 'm_wwbb'\n",
      "Fisher                   : [dataset] : Create Transformation \"D\" with events from all classes.\n",
      "                         : \n",
      "                         : Transformation, Variable selection : \n",
      "                         : Input : variable 'lepton_pT' <---> Output : variable 'lepton_pT'\n",
      "                         : Input : variable 'lepton_eta' <---> Output : variable 'lepton_eta'\n",
      "                         : Input : variable 'lepton_phi' <---> Output : variable 'lepton_phi'\n",
      "                         : Input : variable 'missing_energy_magnitude' <---> Output : variable 'missing_energy_magnitude'\n",
      "                         : Input : variable 'missing_energy_phi' <---> Output : variable 'missing_energy_phi'\n",
      "                         : Input : variable 'jet_1_pt' <---> Output : variable 'jet_1_pt'\n",
      "                         : Input : variable 'jet_1_eta' <---> Output : variable 'jet_1_eta'\n",
      "                         : Input : variable 'jet_1_phi' <---> Output : variable 'jet_1_phi'\n",
      "                         : Input : variable 'jet_1_b_tag' <---> Output : variable 'jet_1_b_tag'\n",
      "                         : Input : variable 'jet_2_pt' <---> Output : variable 'jet_2_pt'\n",
      "                         : Input : variable 'jet_2_eta' <---> Output : variable 'jet_2_eta'\n",
      "                         : Input : variable 'jet_2_phi' <---> Output : variable 'jet_2_phi'\n",
      "                         : Input : variable 'jet_2_b_tag' <---> Output : variable 'jet_2_b_tag'\n",
      "                         : Input : variable 'jet_3_pt' <---> Output : variable 'jet_3_pt'\n",
      "                         : Input : variable 'jet_3_eta' <---> Output : variable 'jet_3_eta'\n",
      "                         : Input : variable 'jet_3_phi' <---> Output : variable 'jet_3_phi'\n",
      "                         : Input : variable 'jet_3_b_tag' <---> Output : variable 'jet_3_b_tag'\n",
      "                         : Input : variable 'jet_4_pt' <---> Output : variable 'jet_4_pt'\n",
      "                         : Input : variable 'jet_4_eta' <---> Output : variable 'jet_4_eta'\n",
      "                         : Input : variable 'jet_4_phi' <---> Output : variable 'jet_4_phi'\n",
      "                         : Input : variable 'jet_4_b_tag' <---> Output : variable 'jet_4_b_tag'\n",
      "                         : Input : variable 'm_jj' <---> Output : variable 'm_jj'\n",
      "                         : Input : variable 'm_jjj' <---> Output : variable 'm_jjj'\n",
      "                         : Input : variable 'm_lv' <---> Output : variable 'm_lv'\n",
      "                         : Input : variable 'm_jlv' <---> Output : variable 'm_jlv'\n",
      "                         : Input : variable 'm_bb' <---> Output : variable 'm_bb'\n",
      "                         : Input : variable 'm_wbb' <---> Output : variable 'm_wbb'\n",
      "                         : Input : variable 'm_wwbb' <---> Output : variable 'm_wwbb'\n",
      "Factory                  : Booking method: \u001b[1mBDT\u001b[0m\n",
      "                         : \n",
      "BDT                      : [dataset] : Create Transformation \"G\" with events from all classes.\n",
      "                         : \n",
      "                         : Transformation, Variable selection : \n",
      "                         : Input : variable 'lepton_pT' <---> Output : variable 'lepton_pT'\n",
      "                         : Input : variable 'lepton_eta' <---> Output : variable 'lepton_eta'\n",
      "                         : Input : variable 'lepton_phi' <---> Output : variable 'lepton_phi'\n",
      "                         : Input : variable 'missing_energy_magnitude' <---> Output : variable 'missing_energy_magnitude'\n",
      "                         : Input : variable 'missing_energy_phi' <---> Output : variable 'missing_energy_phi'\n",
      "                         : Input : variable 'jet_1_pt' <---> Output : variable 'jet_1_pt'\n",
      "                         : Input : variable 'jet_1_eta' <---> Output : variable 'jet_1_eta'\n",
      "                         : Input : variable 'jet_1_phi' <---> Output : variable 'jet_1_phi'\n",
      "                         : Input : variable 'jet_1_b_tag' <---> Output : variable 'jet_1_b_tag'\n",
      "                         : Input : variable 'jet_2_pt' <---> Output : variable 'jet_2_pt'\n",
      "                         : Input : variable 'jet_2_eta' <---> Output : variable 'jet_2_eta'\n",
      "                         : Input : variable 'jet_2_phi' <---> Output : variable 'jet_2_phi'\n",
      "                         : Input : variable 'jet_2_b_tag' <---> Output : variable 'jet_2_b_tag'\n",
      "                         : Input : variable 'jet_3_pt' <---> Output : variable 'jet_3_pt'\n",
      "                         : Input : variable 'jet_3_eta' <---> Output : variable 'jet_3_eta'\n",
      "                         : Input : variable 'jet_3_phi' <---> Output : variable 'jet_3_phi'\n",
      "                         : Input : variable 'jet_3_b_tag' <---> Output : variable 'jet_3_b_tag'\n",
      "                         : Input : variable 'jet_4_pt' <---> Output : variable 'jet_4_pt'\n",
      "                         : Input : variable 'jet_4_eta' <---> Output : variable 'jet_4_eta'\n",
      "                         : Input : variable 'jet_4_phi' <---> Output : variable 'jet_4_phi'\n",
      "                         : Input : variable 'jet_4_b_tag' <---> Output : variable 'jet_4_b_tag'\n",
      "                         : Input : variable 'm_jj' <---> Output : variable 'm_jj'\n",
      "                         : Input : variable 'm_jjj' <---> Output : variable 'm_jjj'\n",
      "                         : Input : variable 'm_lv' <---> Output : variable 'm_lv'\n",
      "                         : Input : variable 'm_jlv' <---> Output : variable 'm_jlv'\n",
      "                         : Input : variable 'm_bb' <---> Output : variable 'm_bb'\n",
      "                         : Input : variable 'm_wbb' <---> Output : variable 'm_wbb'\n",
      "                         : Input : variable 'm_wwbb' <---> Output : variable 'm_wwbb'\n",
      "BDT                      : [dataset] : Create Transformation \"D\" with events from all classes.\n",
      "                         : \n",
      "                         : Transformation, Variable selection : \n",
      "                         : Input : variable 'lepton_pT' <---> Output : variable 'lepton_pT'\n",
      "                         : Input : variable 'lepton_eta' <---> Output : variable 'lepton_eta'\n",
      "                         : Input : variable 'lepton_phi' <---> Output : variable 'lepton_phi'\n",
      "                         : Input : variable 'missing_energy_magnitude' <---> Output : variable 'missing_energy_magnitude'\n",
      "                         : Input : variable 'missing_energy_phi' <---> Output : variable 'missing_energy_phi'\n",
      "                         : Input : variable 'jet_1_pt' <---> Output : variable 'jet_1_pt'\n",
      "                         : Input : variable 'jet_1_eta' <---> Output : variable 'jet_1_eta'\n",
      "                         : Input : variable 'jet_1_phi' <---> Output : variable 'jet_1_phi'\n",
      "                         : Input : variable 'jet_1_b_tag' <---> Output : variable 'jet_1_b_tag'\n",
      "                         : Input : variable 'jet_2_pt' <---> Output : variable 'jet_2_pt'\n",
      "                         : Input : variable 'jet_2_eta' <---> Output : variable 'jet_2_eta'\n",
      "                         : Input : variable 'jet_2_phi' <---> Output : variable 'jet_2_phi'\n",
      "                         : Input : variable 'jet_2_b_tag' <---> Output : variable 'jet_2_b_tag'\n",
      "                         : Input : variable 'jet_3_pt' <---> Output : variable 'jet_3_pt'\n",
      "                         : Input : variable 'jet_3_eta' <---> Output : variable 'jet_3_eta'\n",
      "                         : Input : variable 'jet_3_phi' <---> Output : variable 'jet_3_phi'\n",
      "                         : Input : variable 'jet_3_b_tag' <---> Output : variable 'jet_3_b_tag'\n",
      "                         : Input : variable 'jet_4_pt' <---> Output : variable 'jet_4_pt'\n",
      "                         : Input : variable 'jet_4_eta' <---> Output : variable 'jet_4_eta'\n",
      "                         : Input : variable 'jet_4_phi' <---> Output : variable 'jet_4_phi'\n",
      "                         : Input : variable 'jet_4_b_tag' <---> Output : variable 'jet_4_b_tag'\n",
      "                         : Input : variable 'm_jj' <---> Output : variable 'm_jj'\n",
      "                         : Input : variable 'm_jjj' <---> Output : variable 'm_jjj'\n",
      "                         : Input : variable 'm_lv' <---> Output : variable 'm_lv'\n",
      "                         : Input : variable 'm_jlv' <---> Output : variable 'm_jlv'\n",
      "                         : Input : variable 'm_bb' <---> Output : variable 'm_bb'\n",
      "                         : Input : variable 'm_wbb' <---> Output : variable 'm_wbb'\n",
      "                         : Input : variable 'm_wwbb' <---> Output : variable 'm_wwbb'\n",
      "DataSetFactory           : [dataset] : Number of events in input trees\n",
      "                         : \n",
      "                         : \n",
      "                         : Number of training and testing events\n",
      "                         : ---------------------------------------------------------------------------\n",
      "                         : Signal     -- training events            : 3000\n",
      "                         : Signal     -- testing events             : 2296\n",
      "                         : Signal     -- training and testing events: 5296\n",
      "                         : Background -- training events            : 2500\n",
      "                         : Background -- testing events             : 2203\n",
      "                         : Background -- training and testing events: 4703\n",
      "                         : \n",
      "DataSetInfo              : Correlation matrix (Signal):\n",
      "                         : ---------------------------------------------------------------------------------------------------------------------------------------------------------------------------------------------------------------------------------------------------------------------------------------------------------------------------------\n",
      "                         :                           lepton_pT lepton_eta lepton_phi missing_energy_magnitude missing_energy_phi jet_1_pt jet_1_eta jet_1_phi jet_1_b_tag jet_2_pt jet_2_eta jet_2_phi jet_2_b_tag jet_3_pt jet_3_eta jet_3_phi jet_3_b_tag jet_4_pt jet_4_eta jet_4_phi jet_4_b_tag    m_jj   m_jjj    m_lv   m_jlv    m_bb   m_wbb  m_wwbb\n",
      "                         :                lepton_pT:    +1.000     +0.013     -0.026                   -0.155             -0.015   +0.097    -0.005    +0.000      +0.032   -0.057    -0.024    +0.003      -0.002   -0.033    -0.002    -0.012      +0.045   -0.051    +0.008    -0.021      -0.036  +0.047  +0.038  +0.250  +0.061  -0.053  +0.044  +0.076\n",
      "                         :               lepton_eta:    +0.013     +1.000     +0.015                   -0.022             -0.003   -0.008    +0.292    -0.015      -0.008   -0.002    +0.299    -0.028      +0.000   +0.007    +0.245    +0.058      -0.003   -0.014    +0.223    -0.010      +0.012  +0.005  +0.010  +0.016  -0.009  -0.008  -0.004  -0.005\n",
      "                         :               lepton_phi:    -0.026     +0.015     +1.000                   -0.003             -0.072   -0.002    +0.002    -0.158      -0.008   +0.015    +0.014    -0.042      +0.003   +0.023    +0.018    -0.067      +0.004   -0.010    +0.006    -0.051      -0.001  +0.024  +0.038  -0.037  -0.032  +0.018  +0.006  +0.002\n",
      "                         : missing_energy_magnitude:    -0.155     -0.022     -0.003                   +1.000             +0.031   +0.137    +0.008    +0.023      +0.003   +0.004    +0.020    -0.009      -0.027   -0.017    -0.006    -0.002      -0.001   -0.017    +0.019    -0.000      -0.016  +0.045  +0.025  +0.253  +0.234  -0.019  +0.165  +0.229\n",
      "                         :       missing_energy_phi:    -0.015     -0.003     -0.072                   +0.031             +1.000   -0.009    +0.016    -0.148      -0.015   +0.003    -0.008    -0.054      +0.016   -0.004    -0.007    -0.012      -0.006   +0.008    -0.016    -0.009      -0.005  -0.001  -0.012  +0.011  -0.026  -0.007  -0.006  -0.020\n",
      "                         :                 jet_1_pt:    +0.097     -0.008     -0.002                   +0.137             -0.009   +1.000    -0.007    +0.010      -0.085   +0.489    +0.009    -0.013      -0.048   +0.278    -0.032    -0.024      +0.008   +0.166    -0.011    +0.008      +0.020  +0.209  +0.273  +0.023  +0.228  +0.228  +0.413  +0.414\n",
      "                         :                jet_1_eta:    -0.005     +0.292     +0.002                   +0.008             +0.016   -0.007    +1.000    -0.009      -0.010   +0.007    +0.225    +0.016      -0.003   -0.003    +0.220    +0.019      +0.017   +0.005    +0.150    -0.021      +0.007  +0.069  +0.073  +0.016  -0.004  -0.006  +0.037  +0.046\n",
      "                         :                jet_1_phi:    +0.000     -0.015     -0.158                   +0.023             -0.148   +0.010    -0.009    +1.000      -0.005   +0.004    -0.010    -0.227      -0.003   -0.033    +0.005    -0.149      +0.001   -0.026    +0.011    -0.165      -0.009  -0.003  -0.022  +0.024  +0.013  +0.002  -0.008  -0.004\n",
      "                         :              jet_1_b_tag:    +0.032     -0.008     -0.008                   +0.003             -0.015   -0.085    -0.010    -0.005      +1.000   -0.219    -0.012    +0.024      -0.296   -0.211    -0.022    -0.001      -0.219   -0.179    -0.003    +0.009      -0.201  -0.154  -0.101  +0.014  +0.098  +0.255  +0.041  -0.036\n",
      "                         :                 jet_2_pt:    -0.057     -0.002     +0.015                   +0.004             +0.003   +0.489    +0.007    +0.004      -0.219   +1.000    +0.020    -0.015      +0.150   +0.278    +0.003    +0.001      -0.044   +0.182    +0.028    +0.006      +0.007  +0.180  +0.237  +0.000  +0.206  +0.249  +0.383  +0.364\n",
      "                         :                jet_2_eta:    -0.024     +0.299     +0.014                   +0.020             -0.008   +0.009    +0.225    -0.010      -0.012   +0.020    +1.000    -0.030      -0.009   +0.007    +0.226    +0.037      +0.002   +0.030    +0.184    -0.015      -0.001  -0.012  +0.012  +0.002  +0.002  +0.006  +0.020  +0.024\n",
      "                         :                jet_2_phi:    +0.003     -0.028     -0.042                   -0.009             -0.054   -0.013    +0.016    -0.227      +0.024   -0.015    -0.030    +1.000      -0.001   -0.024    -0.010    -0.072      +0.006   +0.009    -0.013    -0.060      -0.005  -0.005  +0.006  -0.002  -0.008  +0.016  -0.006  -0.003\n",
      "                         :              jet_2_b_tag:    -0.002     +0.000     +0.003                   -0.027             +0.016   -0.048    -0.003    -0.003      -0.296   +0.150    -0.009    -0.001      +1.000   -0.062    +0.007    +0.018      -0.231   -0.059    +0.000    -0.004      -0.221  +0.022  +0.072  -0.021  +0.080  +0.125  +0.090  +0.064\n",
      "                         :                 jet_3_pt:    -0.033     +0.007     +0.023                   -0.017             -0.004   +0.278    -0.003    -0.033      -0.211   +0.278    +0.007    -0.024      -0.062   +1.000    -0.011    -0.004      +0.174   +0.278    +0.018    +0.010      -0.011  +0.143  +0.225  -0.011  +0.124  +0.196  +0.238  +0.247\n",
      "                         :                jet_3_eta:    -0.002     +0.245     +0.018                   -0.006             -0.007   -0.032    +0.220    +0.005      -0.022   +0.003    +0.226    -0.010      +0.007   -0.011    +1.000    -0.015      -0.025   +0.014    +0.158    +0.009      +0.007  -0.041  -0.027  +0.002  -0.001  -0.008  -0.012  -0.003\n",
      "                         :                jet_3_phi:    -0.012     +0.058     -0.067                   -0.002             -0.012   -0.024    +0.019    -0.149      -0.001   +0.001    +0.037    -0.072      +0.018   -0.004    -0.015    +1.000      -0.044   -0.000    +0.018    -0.081      +0.030  +0.016  +0.012  -0.009  -0.024  +0.006  -0.010  -0.007\n",
      "                         :              jet_3_b_tag:    +0.045     -0.003     +0.004                   -0.001             -0.006   +0.008    +0.017    +0.001      -0.219   -0.044    +0.002    +0.006      -0.231   +0.174    -0.025    -0.044      +1.000   -0.071    +0.006    +0.006      -0.289  +0.069  +0.070  +0.014  +0.010  -0.021  +0.019  +0.037\n",
      "                         :                 jet_4_pt:    -0.051     -0.014     -0.010                   -0.017             +0.008   +0.166    +0.005    -0.026      -0.179   +0.182    +0.030    +0.009      -0.059   +0.278    +0.014    -0.000      -0.071   +1.000    +0.006    +0.011      +0.186  +0.086  +0.185  -0.013  +0.066  +0.137  +0.160  +0.165\n",
      "                         :                jet_4_eta:    +0.008     +0.223     +0.006                   +0.019             -0.016   -0.011    +0.150    +0.011      -0.003   +0.028    +0.184    -0.013      +0.000   +0.018    +0.158    +0.018      +0.006   +0.006    +1.000    +0.017      +0.003  -0.025  -0.007  -0.012  +0.010  -0.025  -0.013  -0.004\n",
      "                         :                jet_4_phi:    -0.021     -0.010     -0.051                   -0.000             -0.009   +0.008    -0.021    -0.165      +0.009   +0.006    -0.015    -0.060      -0.004   +0.010    +0.009    -0.081      +0.006   +0.011    +0.017    +1.000      -0.010  +0.007  +0.014  +0.022  +0.015  +0.030  +0.023  +0.023\n",
      "                         :              jet_4_b_tag:    -0.036     +0.012     -0.001                   -0.016             -0.005   +0.020    +0.007    -0.009      -0.201   +0.007    -0.001    -0.005      -0.221   -0.011    +0.007    +0.030      -0.289   +0.186    +0.003    -0.010      +1.000  +0.112  +0.045  +0.004  -0.081  -0.169  -0.032  +0.002\n",
      "                         :                     m_jj:    +0.047     +0.005     +0.024                   +0.045             -0.001   +0.209    +0.069    -0.003      -0.154   +0.180    -0.012    -0.005      +0.022   +0.143    -0.041    +0.016      +0.069   +0.086    -0.025    +0.007      +0.112  +1.000  +0.766  +0.037  +0.119  +0.020  +0.524  +0.542\n",
      "                         :                    m_jjj:    +0.038     +0.010     +0.038                   +0.025             -0.012   +0.273    +0.073    -0.022      -0.101   +0.237    +0.012    +0.006      +0.072   +0.225    -0.027    +0.012      +0.070   +0.185    -0.007    +0.014      +0.045  +0.766  +1.000  +0.016  +0.100  +0.146  +0.683  +0.669\n",
      "                         :                     m_lv:    +0.250     +0.016     -0.037                   +0.253             +0.011   +0.023    +0.016    +0.024      +0.014   +0.000    +0.002    -0.002      -0.021   -0.011    +0.002    -0.009      +0.014   -0.013    -0.012    +0.022      +0.004  +0.037  +0.016  +1.000  +0.126  -0.034  +0.025  +0.054\n",
      "                         :                    m_jlv:    +0.061     -0.009     -0.032                   +0.234             -0.026   +0.228    -0.004    +0.013      +0.098   +0.206    +0.002    -0.008      +0.080   +0.124    -0.001    -0.024      +0.010   +0.066    +0.010    +0.015      -0.081  +0.119  +0.100  +0.126  +1.000  +0.343  +0.558  +0.580\n",
      "                         :                     m_bb:    -0.053     -0.008     +0.018                   -0.019             -0.007   +0.228    -0.006    +0.002      +0.255   +0.249    +0.006    +0.016      +0.125   +0.196    -0.008    +0.006      -0.021   +0.137    -0.025    +0.030      -0.169  +0.020  +0.146  -0.034  +0.343  +1.000  +0.461  +0.355\n",
      "                         :                    m_wbb:    +0.044     -0.004     +0.006                   +0.165             -0.006   +0.413    +0.037    -0.008      +0.041   +0.383    +0.020    -0.006      +0.090   +0.238    -0.012    -0.010      +0.019   +0.160    -0.013    +0.023      -0.032  +0.524  +0.683  +0.025  +0.558  +0.461  +1.000  +0.920\n",
      "                         :                   m_wwbb:    +0.076     -0.005     +0.002                   +0.229             -0.020   +0.414    +0.046    -0.004      -0.036   +0.364    +0.024    -0.003      +0.064   +0.247    -0.003    -0.007      +0.037   +0.165    -0.004    +0.023      +0.002  +0.542  +0.669  +0.054  +0.580  +0.355  +0.920  +1.000\n",
      "                         : ---------------------------------------------------------------------------------------------------------------------------------------------------------------------------------------------------------------------------------------------------------------------------------------------------------------------------------\n",
      "DataSetInfo              : Correlation matrix (Background):\n",
      "                         : ---------------------------------------------------------------------------------------------------------------------------------------------------------------------------------------------------------------------------------------------------------------------------------------------------------------------------------\n",
      "                         :                           lepton_pT lepton_eta lepton_phi missing_energy_magnitude missing_energy_phi jet_1_pt jet_1_eta jet_1_phi jet_1_b_tag jet_2_pt jet_2_eta jet_2_phi jet_2_b_tag jet_3_pt jet_3_eta jet_3_phi jet_3_b_tag jet_4_pt jet_4_eta jet_4_phi jet_4_b_tag    m_jj   m_jjj    m_lv   m_jlv    m_bb   m_wbb  m_wwbb\n",
      "                         :                lepton_pT:    +1.000     -0.020     +0.030                   -0.156             +0.002   +0.232    -0.004    -0.024      -0.037   +0.047    -0.004    -0.024      -0.021   +0.009    -0.037    -0.013      -0.001   -0.011    -0.016    +0.040      +0.063  +0.029  +0.028  +0.262  +0.105  -0.008  +0.102  +0.161\n",
      "                         :               lepton_eta:    -0.020     +1.000     -0.021                   -0.013             +0.011   -0.032    +0.250    -0.001      +0.016   -0.015    +0.244    +0.026      +0.003   +0.025    +0.191    -0.010      -0.024   -0.028    +0.116    +0.014      -0.004  +0.021  +0.021  -0.022  -0.003  -0.004  -0.003  -0.001\n",
      "                         :               lepton_phi:    +0.030     -0.021     +1.000                   -0.026             -0.025   -0.010    +0.036    -0.187      -0.011   -0.003    +0.002    -0.120      +0.000   -0.006    -0.001    -0.084      +0.032   -0.003    +0.009    -0.095      -0.033  +0.040  +0.032  +0.001  +0.016  -0.002  -0.006  +0.010\n",
      "                         : missing_energy_magnitude:    -0.156     -0.013     -0.026                   +1.000             -0.025   +0.299    -0.020    +0.004      -0.013   +0.070    +0.014    +0.016      -0.034   +0.054    +0.003    +0.000      +0.001   +0.088    +0.021    -0.048      +0.030  +0.048  +0.061  +0.117  +0.356  +0.090  +0.278  +0.366\n",
      "                         :       missing_energy_phi:    +0.002     +0.011     -0.025                   -0.025             +1.000   +0.006    -0.032    -0.157      +0.012   -0.001    +0.011    -0.106      -0.006   -0.019    -0.016    -0.068      -0.017   -0.020    -0.032    -0.068      +0.008  -0.006  +0.013  -0.008  -0.015  +0.026  +0.020  +0.006\n",
      "                         :                 jet_1_pt:    +0.232     -0.032     -0.010                   +0.299             +0.006   +1.000    -0.017    -0.032      +0.066   +0.476    -0.018    -0.008      -0.021   +0.262    -0.014    -0.001      -0.058   +0.115    -0.017    -0.015      -0.011  +0.157  +0.250  +0.003  +0.383  +0.480  +0.563  +0.515\n",
      "                         :                jet_1_eta:    -0.004     +0.250     +0.036                   -0.020             -0.032   -0.017    +1.000    -0.027      +0.003   -0.011    +0.267    +0.004      -0.015   +0.021    +0.220    +0.004      -0.004   +0.011    +0.191    +0.020      -0.043  -0.070  -0.043  -0.004  +0.016  +0.008  -0.018  -0.017\n",
      "                         :                jet_1_phi:    -0.024     -0.001     -0.187                   +0.004             -0.157   -0.032    -0.027    +1.000      -0.013   +0.002    -0.021    -0.173      +0.051   -0.012    -0.016    -0.141      -0.017   -0.018    -0.001    -0.070      -0.002  +0.008  -0.001  +0.008  -0.017  -0.001  -0.013  -0.013\n",
      "                         :              jet_1_b_tag:    -0.037     +0.016     -0.011                   -0.013             +0.012   +0.066    +0.003    -0.013      +1.000   -0.026    +0.003    -0.026      -0.226   -0.093    +0.016    +0.042      -0.257   -0.104    -0.038    +0.026      -0.277  -0.118  -0.039  +0.002  +0.169  +0.321  +0.166  +0.046\n",
      "                         :                 jet_2_pt:    +0.047     -0.015     -0.003                   +0.070             -0.001   +0.476    -0.011    +0.002      -0.026   +1.000    -0.012    +0.008      +0.147   +0.257    +0.023    -0.010      -0.084   +0.133    -0.025    +0.000      -0.061  +0.194  +0.253  +0.005  +0.261  +0.463  +0.474  +0.399\n",
      "                         :                jet_2_eta:    -0.004     +0.244     +0.002                   +0.014             +0.011   -0.018    +0.267    -0.021      +0.003   -0.012    +1.000    +0.017      +0.010   +0.021    +0.233    -0.008      -0.001   -0.028    +0.188    -0.008      -0.019  +0.002  +0.003  -0.023  +0.013  +0.023  -0.003  +0.011\n",
      "                         :                jet_2_phi:    -0.024     +0.026     -0.120                   +0.016             -0.106   -0.008    +0.004    -0.173      -0.026   +0.008    +0.017    +1.000      +0.004   +0.006    +0.011    -0.069      +0.010   -0.020    +0.013    -0.041      -0.006  -0.022  -0.030  +0.023  +0.006  -0.002  -0.023  -0.024\n",
      "                         :              jet_2_b_tag:    -0.021     +0.003     +0.000                   -0.034             -0.006   -0.021    -0.015    +0.051      -0.226   +0.147    +0.010    +0.004      +1.000   -0.110    +0.013    -0.048      -0.314   -0.120    -0.001    -0.016      -0.247  -0.008  +0.009  -0.003  +0.031  +0.140  +0.057  +0.002\n",
      "                         :                 jet_3_pt:    +0.009     +0.025     -0.006                   +0.054             -0.019   +0.262    +0.021    -0.012      -0.093   +0.257    +0.021    +0.006      -0.110   +1.000    -0.020    +0.006      +0.201   +0.255    +0.014    -0.015      -0.068  +0.138  +0.223  -0.013  +0.158  +0.323  +0.294  +0.279\n",
      "                         :                jet_3_eta:    -0.037     +0.191     -0.001                   +0.003             -0.016   -0.014    +0.220    -0.016      +0.016   +0.023    +0.233    +0.011      +0.013   -0.020    +1.000    -0.011      -0.038   -0.005    +0.145    -0.005      +0.001  +0.032  +0.040  -0.034  +0.018  +0.016  +0.045  +0.049\n",
      "                         :                jet_3_phi:    -0.013     -0.010     -0.084                   +0.000             -0.068   -0.001    +0.004    -0.141      +0.042   -0.010    -0.008    -0.069      -0.048   +0.006    -0.011    +1.000      +0.009   +0.000    -0.034    -0.078      +0.018  +0.018  +0.019  -0.005  +0.013  +0.013  +0.015  +0.006\n",
      "                         :              jet_3_b_tag:    -0.001     -0.024     +0.032                   +0.001             -0.017   -0.058    -0.004    -0.017      -0.257   -0.084    -0.001    +0.010      -0.314   +0.201    -0.038    +0.009      +1.000   -0.052    -0.014    +0.004      -0.235  +0.046  +0.028  +0.005  -0.053  -0.098  -0.075  -0.025\n",
      "                         :                 jet_4_pt:    -0.011     -0.028     -0.003                   +0.088             -0.020   +0.115    +0.011    -0.018      -0.104   +0.133    -0.028    -0.020      -0.120   +0.255    -0.005    +0.000      -0.052   +1.000    +0.022    -0.013      +0.205  +0.090  +0.151  +0.017  +0.091  +0.134  +0.164  +0.175\n",
      "                         :                jet_4_eta:    -0.016     +0.116     +0.009                   +0.021             -0.032   -0.017    +0.191    -0.001      -0.038   -0.025    +0.188    +0.013      -0.001   +0.014    +0.145    -0.034      -0.014   +0.022    +1.000    -0.021      -0.006  -0.019  -0.030  -0.017  -0.012  -0.028  -0.026  -0.021\n",
      "                         :                jet_4_phi:    +0.040     +0.014     -0.095                   -0.048             -0.068   -0.015    +0.020    -0.070      +0.026   +0.000    -0.008    -0.041      -0.016   -0.015    -0.005    -0.078      +0.004   -0.013    -0.021    +1.000      +0.006  +0.007  +0.002  -0.008  -0.011  -0.027  -0.019  -0.034\n",
      "                         :              jet_4_b_tag:    +0.063     -0.004     -0.033                   +0.030             +0.008   -0.011    -0.043    -0.002      -0.277   -0.061    -0.019    -0.006      -0.247   -0.068    +0.001    +0.018      -0.235   +0.205    -0.006    +0.006      +1.000  +0.120  +0.058  -0.007  -0.093  -0.222  -0.065  +0.023\n",
      "                         :                     m_jj:    +0.029     +0.021     +0.040                   +0.048             -0.006   +0.157    -0.070    +0.008      -0.118   +0.194    +0.002    -0.022      -0.008   +0.138    +0.032    +0.018      +0.046   +0.090    -0.019    +0.007      +0.120  +1.000  +0.819  -0.002  +0.130  +0.010  +0.388  +0.392\n",
      "                         :                    m_jjj:    +0.028     +0.021     +0.032                   +0.061             +0.013   +0.250    -0.043    -0.001      -0.039   +0.253    +0.003    -0.030      +0.009   +0.223    +0.040    +0.019      +0.028   +0.151    -0.030    +0.002      +0.058  +0.819  +1.000  -0.004  +0.171  +0.158  +0.538  +0.513\n",
      "                         :                     m_lv:    +0.262     -0.022     +0.001                   +0.117             -0.008   +0.003    -0.004    +0.008      +0.002   +0.005    -0.023    +0.023      -0.003   -0.013    -0.034    -0.005      +0.005   +0.017    -0.017    -0.008      -0.007  -0.002  -0.004  +1.000  +0.108  +0.002  +0.024  +0.030\n",
      "                         :                    m_jlv:    +0.105     -0.003     +0.016                   +0.356             -0.015   +0.383    +0.016    -0.017      +0.169   +0.261    +0.013    +0.006      +0.031   +0.158    +0.018    +0.013      -0.053   +0.091    -0.012    -0.011      -0.093  +0.130  +0.171  +0.108  +1.000  +0.347  +0.590  +0.533\n",
      "                         :                     m_bb:    -0.008     -0.004     -0.002                   +0.090             +0.026   +0.480    +0.008    -0.001      +0.321   +0.463    +0.023    -0.002      +0.140   +0.323    +0.016    +0.013      -0.098   +0.134    -0.028    -0.027      -0.222  +0.010  +0.158  +0.002  +0.347  +1.000  +0.623  +0.447\n",
      "                         :                    m_wbb:    +0.102     -0.003     -0.006                   +0.278             +0.020   +0.563    -0.018    -0.013      +0.166   +0.474    -0.003    -0.023      +0.057   +0.294    +0.045    +0.015      -0.075   +0.164    -0.026    -0.019      -0.065  +0.388  +0.538  +0.024  +0.590  +0.623  +1.000  +0.885\n",
      "                         :                   m_wwbb:    +0.161     -0.001     +0.010                   +0.366             +0.006   +0.515    -0.017    -0.013      +0.046   +0.399    +0.011    -0.024      +0.002   +0.279    +0.049    +0.006      -0.025   +0.175    -0.021    -0.034      +0.023  +0.392  +0.513  +0.030  +0.533  +0.447  +0.885  +1.000\n",
