{
 "cells": [
  {
   "cell_type": "markdown",
   "metadata": {},
   "source": [
    "# Classification with TMVA and Keras\n",
    "In this example, we will use the same BDT as before, but with the addition of a neural network with the [Keras](https://keras.io/) deep learning library"
   ]
  },
  {
   "cell_type": "code",
   "execution_count": 1,
   "metadata": {},
   "outputs": [
    {
     "name": "stdout",
     "output_type": "stream",
     "text": [
      "Welcome to JupyROOT 6.11/02\n"
     ]
    }
   ],
   "source": [
    "from ROOT import TMVA, TFile, TTree, TCut\n",
    "from subprocess import call\n",
    "from os.path import isfile"
   ]
  },
  {
   "cell_type": "code",
   "execution_count": 2,
   "metadata": {},
   "outputs": [],
   "source": [
    "# Setup TMVA\n",
    "TMVA.Tools.Instance()\n",
    "TMVA.PyMethodBase.PyInitialize()\n",
    "\n",
    "output = TFile.Open('TMVA.root', 'RECREATE')\n",
    "factory = TMVA.Factory('TMVAClassification', output,\n",
    "                       '!V:!Silent:Color:DrawProgressBar::AnalysisType=Classification')\n"
   ]
  },
  {
   "cell_type": "code",
   "execution_count": 3,
   "metadata": {},
   "outputs": [
    {
     "name": "stdout",
     "output_type": "stream",
     "text": [
      "DataSetInfo              : [dataset] : Added class \"Signal\"\n",
      "                         : Add Tree TreeS of type Signal with 529673 events\n",
      "DataSetInfo              : [dataset] : Added class \"Background\"\n",
      "                         : Add Tree TreeB of type Background with 470327 events\n",
      "                         : Dataset[dataset] : Class index : 0  name : Signal\n",
      "                         : Dataset[dataset] : Class index : 1  name : Background\n"
     ]
    }
   ],
   "source": [
    "# data = TFile.Open('../data/higgs_small.root')\n",
    "data = TFile.Open('../data/higgs.root')\n",
    "signal = data.Get('TreeS')\n",
    "background = data.Get('TreeB')\n",
    "\n",
    "dataloader = TMVA.DataLoader('dataset')\n",
    "for branch in signal.GetListOfBranches():\n",
    "    dataloader.AddVariable(branch.GetName())\n",
    "\n",
    "dataloader.AddSignalTree(signal, 1.0)\n",
    "dataloader.AddBackgroundTree(background, 1.0)\n",
    "dataloader.PrepareTrainingAndTestTree(TCut(''),\n",
    "                                      'nTrain_Signal=300000:nTrain_Background=300000:SplitMode=Random:NormMode=NumEvents:!V')"
   ]
  },
  {
   "cell_type": "markdown",
   "metadata": {},
   "source": [
    "---\n",
    "First, we import the Keras libraries and next we define the neural network. The input shape must be defined and be equal to the number of variables. In this example we have 28 variables"
   ]
  },
  {
   "cell_type": "code",
   "execution_count": 4,
   "metadata": {},
   "outputs": [
    {
     "name": "stderr",
     "output_type": "stream",
     "text": [
      "Using TensorFlow backend.\n"
     ]
    }
   ],
   "source": [
    "from keras import optimizers\n",
    "from keras.models import Sequential, save_model\n",
    "from keras.layers import Dense, Dropout"
   ]
  },
  {
   "cell_type": "code",
   "execution_count": 5,
   "metadata": {},
   "outputs": [
    {
     "name": "stdout",
     "output_type": "stream",
     "text": [
      "_________________________________________________________________\n",
      "Layer (type)                 Output Shape              Param #   \n",
      "=================================================================\n",
      "dense_1 (Dense)              (None, 150)               4350      \n",
      "_________________________________________________________________\n",
      "dense_2 (Dense)              (None, 150)               22650     \n",
      "_________________________________________________________________\n",
      "dense_3 (Dense)              (None, 150)               22650     \n",
      "_________________________________________________________________\n",
      "dropout_1 (Dropout)          (None, 150)               0         \n",
      "_________________________________________________________________\n",
      "dense_4 (Dense)              (None, 2)                 302       \n",
      "=================================================================\n",
      "Total params: 49,952\n",
      "Trainable params: 49,952\n",
      "Non-trainable params: 0\n",
      "_________________________________________________________________\n"
     ]
    },
    {
     "name": "stderr",
     "output_type": "stream",
     "text": [
      "2018-07-12 13:58:48.896474: I tensorflow/core/platform/cpu_feature_guard.cc:140] Your CPU supports instructions that this TensorFlow binary was not compiled to use: SSE4.1 SSE4.2 AVX AVX2 FMA\n"
     ]
    }
   ],
   "source": [
    "# Generate model\n",
    "model = Sequential()\n",
    "# Input layer\n",
    "model.add(Dense(150, input_shape=(28,), activation='relu'))\n",
    "# Hidden layers\n",
    "for i in range(2):\n",
    "    model.add(Dense(150, activation='relu'))\n",
    "# Output layer\n",
    "model.add(Dropout(0.5))\n",
    "model.add(Dense(2, activation='softmax'))\n",
    "# Set loss and optimizer\n",
    "model.compile(loss='categorical_crossentropy',\n",
    "              optimizer=optimizers.Adam(), metrics=['accuracy'])\n",
    "\n",
    "# Store model to file\n",
    "model.save('model.h5')\n",
    "# Print model summary (layers,parameters etc)\n",
    "model.summary()"
   ]
  },
  {
   "cell_type": "code",
   "execution_count": 6,
   "metadata": {},
   "outputs": [
    {
     "data": {
      "text/plain": [
       "<ROOT.TMVA::MethodBDT object (\"BDT\") at 0x55f37f0f4e10>"
      ]
     },
     "execution_count": 6,
     "metadata": {},
     "output_type": "execute_result"
    },
    {
     "name": "stdout",
     "output_type": "stream",
     "text": [
      "Factory                  : Booking method: \u001b[1mDNN\u001b[0m\n",
      "                         : \n",
      "DNN                      : [dataset] : Create Transformation \"G\" with events from all classes.\n",
      "                         : \n",
      "                         : Transformation, Variable selection : \n",
      "                         : Input : variable 'lepton_pT' <---> Output : variable 'lepton_pT'\n",
      "                         : Input : variable 'lepton_eta' <---> Output : variable 'lepton_eta'\n",
      "                         : Input : variable 'lepton_phi' <---> Output : variable 'lepton_phi'\n",
      "                         : Input : variable 'missing_energy_magnitude' <---> Output : variable 'missing_energy_magnitude'\n",
      "                         : Input : variable 'missing_energy_phi' <---> Output : variable 'missing_energy_phi'\n",
      "                         : Input : variable 'jet_1_pt' <---> Output : variable 'jet_1_pt'\n",
      "                         : Input : variable 'jet_1_eta' <---> Output : variable 'jet_1_eta'\n",
      "                         : Input : variable 'jet_1_phi' <---> Output : variable 'jet_1_phi'\n",
      "                         : Input : variable 'jet_1_b_tag' <---> Output : variable 'jet_1_b_tag'\n",
      "                         : Input : variable 'jet_2_pt' <---> Output : variable 'jet_2_pt'\n",
      "                         : Input : variable 'jet_2_eta' <---> Output : variable 'jet_2_eta'\n",
      "                         : Input : variable 'jet_2_phi' <---> Output : variable 'jet_2_phi'\n",
      "                         : Input : variable 'jet_2_b_tag' <---> Output : variable 'jet_2_b_tag'\n",
      "                         : Input : variable 'jet_3_pt' <---> Output : variable 'jet_3_pt'\n",
      "                         : Input : variable 'jet_3_eta' <---> Output : variable 'jet_3_eta'\n",
      "                         : Input : variable 'jet_3_phi' <---> Output : variable 'jet_3_phi'\n",
      "                         : Input : variable 'jet_3_b_tag' <---> Output : variable 'jet_3_b_tag'\n",
      "                         : Input : variable 'jet_4_pt' <---> Output : variable 'jet_4_pt'\n",
      "                         : Input : variable 'jet_4_eta' <---> Output : variable 'jet_4_eta'\n",
      "                         : Input : variable 'jet_4_phi' <---> Output : variable 'jet_4_phi'\n",
      "                         : Input : variable 'jet_4_b_tag' <---> Output : variable 'jet_4_b_tag'\n",
      "                         : Input : variable 'm_jj' <---> Output : variable 'm_jj'\n",
      "                         : Input : variable 'm_jjj' <---> Output : variable 'm_jjj'\n",
      "                         : Input : variable 'm_lv' <---> Output : variable 'm_lv'\n",
      "                         : Input : variable 'm_jlv' <---> Output : variable 'm_jlv'\n",
      "                         : Input : variable 'm_bb' <---> Output : variable 'm_bb'\n",
      "                         : Input : variable 'm_wbb' <---> Output : variable 'm_wbb'\n",
      "                         : Input : variable 'm_wwbb' <---> Output : variable 'm_wwbb'\n",
      "DNN                      : [dataset] : Create Transformation \"D\" with events from all classes.\n",
      "                         : \n",
      "                         : Transformation, Variable selection : \n",
      "                         : Input : variable 'lepton_pT' <---> Output : variable 'lepton_pT'\n",
      "                         : Input : variable 'lepton_eta' <---> Output : variable 'lepton_eta'\n",
      "                         : Input : variable 'lepton_phi' <---> Output : variable 'lepton_phi'\n",
      "                         : Input : variable 'missing_energy_magnitude' <---> Output : variable 'missing_energy_magnitude'\n",
      "                         : Input : variable 'missing_energy_phi' <---> Output : variable 'missing_energy_phi'\n",
      "                         : Input : variable 'jet_1_pt' <---> Output : variable 'jet_1_pt'\n",
      "                         : Input : variable 'jet_1_eta' <---> Output : variable 'jet_1_eta'\n",
      "                         : Input : variable 'jet_1_phi' <---> Output : variable 'jet_1_phi'\n",
      "                         : Input : variable 'jet_1_b_tag' <---> Output : variable 'jet_1_b_tag'\n",
      "                         : Input : variable 'jet_2_pt' <---> Output : variable 'jet_2_pt'\n",
      "                         : Input : variable 'jet_2_eta' <---> Output : variable 'jet_2_eta'\n",
      "                         : Input : variable 'jet_2_phi' <---> Output : variable 'jet_2_phi'\n",
      "                         : Input : variable 'jet_2_b_tag' <---> Output : variable 'jet_2_b_tag'\n",
      "                         : Input : variable 'jet_3_pt' <---> Output : variable 'jet_3_pt'\n",
      "                         : Input : variable 'jet_3_eta' <---> Output : variable 'jet_3_eta'\n",
      "                         : Input : variable 'jet_3_phi' <---> Output : variable 'jet_3_phi'\n",
      "                         : Input : variable 'jet_3_b_tag' <---> Output : variable 'jet_3_b_tag'\n",
      "                         : Input : variable 'jet_4_pt' <---> Output : variable 'jet_4_pt'\n",
      "                         : Input : variable 'jet_4_eta' <---> Output : variable 'jet_4_eta'\n",
      "                         : Input : variable 'jet_4_phi' <---> Output : variable 'jet_4_phi'\n",
      "                         : Input : variable 'jet_4_b_tag' <---> Output : variable 'jet_4_b_tag'\n",
      "                         : Input : variable 'm_jj' <---> Output : variable 'm_jj'\n",
      "                         : Input : variable 'm_jjj' <---> Output : variable 'm_jjj'\n",
      "                         : Input : variable 'm_lv' <---> Output : variable 'm_lv'\n",
      "                         : Input : variable 'm_jlv' <---> Output : variable 'm_jlv'\n",
      "                         : Input : variable 'm_bb' <---> Output : variable 'm_bb'\n",
      "                         : Input : variable 'm_wbb' <---> Output : variable 'm_wbb'\n",
      "                         : Input : variable 'm_wwbb' <---> Output : variable 'm_wwbb'\n",
      "                         : Load model from file: model.h5\n",
      "Factory                  : Booking method: \u001b[1mBDT\u001b[0m\n",
      "                         : \n",
      "BDT                      : [dataset] : Create Transformation \"G\" with events from all classes.\n",
      "                         : \n",
      "                         : Transformation, Variable selection : \n",
      "                         : Input : variable 'lepton_pT' <---> Output : variable 'lepton_pT'\n",
      "                         : Input : variable 'lepton_eta' <---> Output : variable 'lepton_eta'\n",
      "                         : Input : variable 'lepton_phi' <---> Output : variable 'lepton_phi'\n",
      "                         : Input : variable 'missing_energy_magnitude' <---> Output : variable 'missing_energy_magnitude'\n",
      "                         : Input : variable 'missing_energy_phi' <---> Output : variable 'missing_energy_phi'\n",
      "                         : Input : variable 'jet_1_pt' <---> Output : variable 'jet_1_pt'\n",
      "                         : Input : variable 'jet_1_eta' <---> Output : variable 'jet_1_eta'\n",
      "                         : Input : variable 'jet_1_phi' <---> Output : variable 'jet_1_phi'\n",
      "                         : Input : variable 'jet_1_b_tag' <---> Output : variable 'jet_1_b_tag'\n",
      "                         : Input : variable 'jet_2_pt' <---> Output : variable 'jet_2_pt'\n",
      "                         : Input : variable 'jet_2_eta' <---> Output : variable 'jet_2_eta'\n",
      "                         : Input : variable 'jet_2_phi' <---> Output : variable 'jet_2_phi'\n",
      "                         : Input : variable 'jet_2_b_tag' <---> Output : variable 'jet_2_b_tag'\n",
      "                         : Input : variable 'jet_3_pt' <---> Output : variable 'jet_3_pt'\n",
      "                         : Input : variable 'jet_3_eta' <---> Output : variable 'jet_3_eta'\n",
      "                         : Input : variable 'jet_3_phi' <---> Output : variable 'jet_3_phi'\n",
      "                         : Input : variable 'jet_3_b_tag' <---> Output : variable 'jet_3_b_tag'\n",
      "                         : Input : variable 'jet_4_pt' <---> Output : variable 'jet_4_pt'\n",
      "                         : Input : variable 'jet_4_eta' <---> Output : variable 'jet_4_eta'\n",
      "                         : Input : variable 'jet_4_phi' <---> Output : variable 'jet_4_phi'\n",
      "                         : Input : variable 'jet_4_b_tag' <---> Output : variable 'jet_4_b_tag'\n",
      "                         : Input : variable 'm_jj' <---> Output : variable 'm_jj'\n",
      "                         : Input : variable 'm_jjj' <---> Output : variable 'm_jjj'\n",
      "                         : Input : variable 'm_lv' <---> Output : variable 'm_lv'\n",
      "                         : Input : variable 'm_jlv' <---> Output : variable 'm_jlv'\n",
      "                         : Input : variable 'm_bb' <---> Output : variable 'm_bb'\n",
      "                         : Input : variable 'm_wbb' <---> Output : variable 'm_wbb'\n",
      "                         : Input : variable 'm_wwbb' <---> Output : variable 'm_wwbb'\n",
      "BDT                      : [dataset] : Create Transformation \"D\" with events from all classes.\n",
      "                         : \n",
      "                         : Transformation, Variable selection : \n",
      "                         : Input : variable 'lepton_pT' <---> Output : variable 'lepton_pT'\n",
      "                         : Input : variable 'lepton_eta' <---> Output : variable 'lepton_eta'\n",
      "                         : Input : variable 'lepton_phi' <---> Output : variable 'lepton_phi'\n",
      "                         : Input : variable 'missing_energy_magnitude' <---> Output : variable 'missing_energy_magnitude'\n",
      "                         : Input : variable 'missing_energy_phi' <---> Output : variable 'missing_energy_phi'\n",
      "                         : Input : variable 'jet_1_pt' <---> Output : variable 'jet_1_pt'\n",
      "                         : Input : variable 'jet_1_eta' <---> Output : variable 'jet_1_eta'\n",
      "                         : Input : variable 'jet_1_phi' <---> Output : variable 'jet_1_phi'\n",
      "                         : Input : variable 'jet_1_b_tag' <---> Output : variable 'jet_1_b_tag'\n",
      "                         : Input : variable 'jet_2_pt' <---> Output : variable 'jet_2_pt'\n",
      "                         : Input : variable 'jet_2_eta' <---> Output : variable 'jet_2_eta'\n",
      "                         : Input : variable 'jet_2_phi' <---> Output : variable 'jet_2_phi'\n",
      "                         : Input : variable 'jet_2_b_tag' <---> Output : variable 'jet_2_b_tag'\n",
      "                         : Input : variable 'jet_3_pt' <---> Output : variable 'jet_3_pt'\n",
      "                         : Input : variable 'jet_3_eta' <---> Output : variable 'jet_3_eta'\n",
      "                         : Input : variable 'jet_3_phi' <---> Output : variable 'jet_3_phi'\n",
      "                         : Input : variable 'jet_3_b_tag' <---> Output : variable 'jet_3_b_tag'\n",
      "                         : Input : variable 'jet_4_pt' <---> Output : variable 'jet_4_pt'\n",
      "                         : Input : variable 'jet_4_eta' <---> Output : variable 'jet_4_eta'\n",
      "                         : Input : variable 'jet_4_phi' <---> Output : variable 'jet_4_phi'\n",
      "                         : Input : variable 'jet_4_b_tag' <---> Output : variable 'jet_4_b_tag'\n",
      "                         : Input : variable 'm_jj' <---> Output : variable 'm_jj'\n",
      "                         : Input : variable 'm_jjj' <---> Output : variable 'm_jjj'\n",
      "                         : Input : variable 'm_lv' <---> Output : variable 'm_lv'\n",
      "                         : Input : variable 'm_jlv' <---> Output : variable 'm_jlv'\n",
      "                         : Input : variable 'm_bb' <---> Output : variable 'm_bb'\n",
      "                         : Input : variable 'm_wbb' <---> Output : variable 'm_wbb'\n",
      "                         : Input : variable 'm_wwbb' <---> Output : variable 'm_wwbb'\n",
      "DataSetFactory           : [dataset] : Number of events in input trees\n",
      "                         : \n",
      "                         : \n",
      "                         : Number of training and testing events\n",
      "                         : ---------------------------------------------------------------------------\n",
      "                         : Signal     -- training events            : 3000\n",
      "                         : Signal     -- testing events             : 526673\n",
      "                         : Signal     -- training and testing events: 529673\n",
      "                         : Background -- training events            : 3000\n",
      "                         : Background -- testing events             : 467327\n",
      "                         : Background -- training and testing events: 470327\n",
      "                         : \n",
      "DataSetInfo              : Correlation matrix (Signal):\n",
      "                         : ---------------------------------------------------------------------------------------------------------------------------------------------------------------------------------------------------------------------------------------------------------------------------------------------------------------------------------\n",
      "                         :                           lepton_pT lepton_eta lepton_phi missing_energy_magnitude missing_energy_phi jet_1_pt jet_1_eta jet_1_phi jet_1_b_tag jet_2_pt jet_2_eta jet_2_phi jet_2_b_tag jet_3_pt jet_3_eta jet_3_phi jet_3_b_tag jet_4_pt jet_4_eta jet_4_phi jet_4_b_tag    m_jj   m_jjj    m_lv   m_jlv    m_bb   m_wbb  m_wwbb\n",
      "                         :                lepton_pT:    +1.000     +0.007     -0.005                   -0.135             +0.002   +0.123    +0.011    +0.010      +0.009   -0.053    -0.031    +0.010      +0.027   -0.053    +0.024    +0.026      +0.008   -0.050    -0.029    -0.022      -0.012  +0.025  -0.014  +0.284  +0.065  -0.056  +0.009  +0.022\n",
      "                         :               lepton_eta:    +0.007     +1.000     +0.008                   +0.029             +0.017   +0.020    +0.317    -0.010      +0.009   +0.018    +0.308    +0.021      -0.016   -0.003    +0.258    +0.003      +0.013   -0.001    +0.231    -0.005      -0.004  -0.019  -0.028  -0.003  +0.060  +0.018  +0.028  +0.023\n",
      "                         :               lepton_phi:    -0.005     +0.008     +1.000                   -0.021             -0.098   -0.010    -0.027    -0.149      -0.023   +0.030    -0.019    -0.082      +0.014   +0.000    -0.007    -0.073      +0.013   +0.005    +0.008    -0.057      -0.003  -0.009  -0.008  +0.007  +0.029  +0.018  +0.014  +0.012\n",
      "                         : missing_energy_magnitude:    -0.135     +0.029     -0.021                   +1.000             -0.012   +0.145    -0.018    -0.036      +0.006   +0.010    -0.009    +0.007      +0.028   +0.013    -0.004    -0.025      +0.000   -0.030    +0.001    +0.013      -0.022  +0.011  +0.007  +0.243  +0.262  +0.012  +0.167  +0.220\n",
      "                         :       missing_energy_phi:    +0.002     +0.017     -0.098                   -0.012             +1.000   +0.005    +0.007    -0.148      -0.007   +0.015    -0.011    -0.040      -0.007   +0.018    +0.003    -0.002      -0.019   +0.021    -0.001    +0.018      -0.022  +0.024  +0.016  -0.017  -0.008  +0.016  +0.012  +0.009\n",
      "                         :                 jet_1_pt:    +0.123     +0.020     -0.010                   +0.145             +0.005   +1.000    +0.004    +0.003      -0.080   +0.443    -0.004    +0.002      -0.052   +0.257    -0.004    -0.017      -0.016   +0.178    -0.002    -0.022      +0.037  +0.188  +0.240  +0.024  +0.139  +0.204  +0.357  +0.335\n",
      "                         :                jet_1_eta:    +0.011     +0.317     -0.027                   -0.018             +0.007   +0.004    +1.000    -0.001      -0.023   -0.013    +0.254    +0.024      +0.018   +0.020    +0.209    +0.018      +0.012   +0.012    +0.193    +0.008      +0.014  +0.025  +0.014  -0.021  +0.011  -0.018  -0.004  -0.009\n",
      "                         :                jet_1_phi:    +0.010     -0.010     -0.149                   -0.036             -0.148   +0.003    -0.001    +1.000      +0.009   +0.010    +0.017    -0.198      -0.012   -0.002    +0.010    -0.149      +0.009   -0.003    -0.001    -0.117      +0.023  +0.010  +0.017  -0.008  -0.027  +0.022  -0.005  -0.009\n",
      "                         :              jet_1_b_tag:    +0.009     +0.009     -0.023                   +0.006             -0.007   -0.080    -0.023    +0.009      +1.000   -0.223    -0.015    -0.001      -0.309   -0.219    -0.018    -0.043      -0.235   -0.213    -0.014    -0.020      -0.191  -0.108  -0.095  -0.019  +0.135  +0.220  +0.079  +0.006\n",
      "                         :                 jet_2_pt:    -0.053     +0.018     +0.030                   +0.010             +0.015   +0.443    -0.013    +0.010      -0.223   +1.000    -0.003    -0.006      +0.157   +0.267    -0.006    +0.006      -0.032   +0.207    +0.014    -0.020      +0.010  +0.173  +0.260  +0.001  +0.139  +0.275  +0.337  +0.314\n",
      "                         :                jet_2_eta:    -0.031     +0.308     -0.019                   -0.009             -0.011   -0.004    +0.254    +0.017      -0.015   -0.003    +1.000    +0.011      +0.035   +0.008    +0.208    +0.023      +0.016   -0.023    +0.154    -0.007      -0.020  -0.030  -0.029  -0.020  +0.026  +0.019  -0.005  -0.018\n",
      "                         :                jet_2_phi:    +0.010     +0.021     -0.082                   +0.007             -0.040   +0.002    +0.024    -0.198      -0.001   -0.006    +0.011    +1.000      +0.000   -0.023    -0.007    -0.095      -0.016   -0.001    -0.005    -0.039      +0.010  +0.020  +0.024  -0.026  -0.022  +0.003  +0.003  -0.009\n",
      "                         :              jet_2_b_tag:    +0.027     -0.016     +0.014                   +0.028             -0.007   -0.052    +0.018    -0.012      -0.309   +0.157    +0.035    +0.000      +1.000   -0.070    +0.025    +0.028      -0.216   -0.070    +0.036    +0.019      -0.240  +0.003  +0.070  -0.011  +0.036  +0.144  +0.070  +0.040\n",
      "                         :                 jet_3_pt:    -0.053     -0.003     +0.000                   +0.013             +0.018   +0.257    +0.020    -0.002      -0.219   +0.267    +0.008    -0.023      -0.070   +1.000    +0.005    +0.006      +0.180   +0.291    -0.007    -0.016      -0.001  +0.148  +0.203  -0.007  +0.097  +0.138  +0.218  +0.229\n",
      "                         :                jet_3_eta:    +0.024     +0.258     -0.007                   -0.004             +0.003   -0.004    +0.209    +0.010      -0.018   -0.006    +0.208    -0.007      +0.025   +0.005    +1.000    +0.010      +0.006   +0.027    +0.130    -0.014      +0.018  +0.007  +0.002  +0.007  +0.015  -0.007  +0.015  +0.006\n",
      "                         :                jet_3_phi:    +0.026     +0.003     -0.073                   -0.025             -0.002   -0.017    +0.018    -0.149      -0.043   +0.006    +0.023    -0.095      +0.028   +0.006    +0.010    +1.000      -0.009   +0.016    +0.046    -0.045      -0.001  -0.002  -0.014  -0.006  +0.009  -0.011  -0.001  +0.007\n",
      "                         :              jet_3_b_tag:    +0.008     +0.013     +0.013                   +0.000             -0.019   -0.016    +0.012    +0.009      -0.235   -0.032    +0.016    -0.016      -0.216   +0.180    +0.006    -0.009      +1.000   -0.065    -0.003    -0.019      -0.269  +0.048  +0.071  +0.009  +0.005  -0.052  +0.027  +0.051\n",
      "                         :                 jet_4_pt:    -0.050     -0.001     +0.005                   -0.030             +0.021   +0.178    +0.012    -0.003      -0.213   +0.207    -0.023    -0.001      -0.070   +0.291    +0.027    +0.016      -0.065   +1.000    +0.010    -0.022      +0.210  +0.083  +0.146  +0.020  +0.021  +0.126  +0.129  +0.137\n",
      "                         :                jet_4_eta:    -0.029     +0.231     +0.008                   +0.001             -0.001   -0.002    +0.193    -0.001      -0.014   +0.014    +0.154    -0.005      +0.036   -0.007    +0.130    +0.046      -0.003   +0.010    +1.000    -0.007      -0.012  -0.019  -0.001  -0.020  -0.032  +0.002  -0.001  -0.002\n",
      "                         :                jet_4_phi:    -0.022     -0.005     -0.057                   +0.013             +0.018   -0.022    +0.008    -0.117      -0.020   -0.020    -0.007    -0.039      +0.019   -0.016    -0.014    -0.045      -0.019   -0.022    -0.007    +1.000      +0.027  -0.038  -0.025  +0.011  +0.011  -0.030  -0.020  -0.018\n",
      "                         :              jet_4_b_tag:    -0.012     -0.004     -0.003                   -0.022             -0.022   +0.037    +0.014    +0.023      -0.191   +0.010    -0.020    +0.010      -0.240   -0.001    +0.018    -0.001      -0.269   +0.210    -0.012    +0.027      +1.000  +0.126  +0.046  +0.019  -0.058  -0.150  -0.011  +0.020\n",
      "                         :                     m_jj:    +0.025     -0.019     -0.009                   +0.011             +0.024   +0.188    +0.025    +0.010      -0.108   +0.173    -0.030    +0.020      +0.003   +0.148    +0.007    -0.002      +0.048   +0.083    -0.019    -0.038      +0.126  +1.000  +0.790  +0.011  +0.069  -0.003  +0.540  +0.558\n",
      "                         :                    m_jjj:    -0.014     -0.028     -0.008                   +0.007             +0.016   +0.240    +0.014    +0.017      -0.095   +0.260    -0.029    +0.024      +0.070   +0.203    +0.002    -0.014      +0.071   +0.146    -0.001    -0.025      +0.046  +0.790  +1.000  -0.002  +0.035  +0.120  +0.691  +0.684\n",
      "                         :                     m_lv:    +0.284     -0.003     +0.007                   +0.243             -0.017   +0.024    -0.021    -0.008      -0.019   +0.001    -0.020    -0.026      -0.011   -0.007    +0.007    -0.006      +0.009   +0.020    -0.020    +0.011      +0.019  +0.011  -0.002  +1.000  +0.118  -0.028  +0.003  +0.013\n",
      "                         :                    m_jlv:    +0.065     +0.060     +0.029                   +0.262             -0.008   +0.139    +0.011    -0.027      +0.135   +0.139    +0.026    -0.022      +0.036   +0.097    +0.015    +0.009      +0.005   +0.021    -0.032    +0.011      -0.058  +0.069  +0.035  +0.118  +1.000  +0.293  +0.521  +0.514\n",
      "                         :                     m_bb:    -0.056     +0.018     +0.018                   +0.012             +0.016   +0.204    -0.018    +0.022      +0.220   +0.275    +0.019    +0.003      +0.144   +0.138    -0.007    -0.011      -0.052   +0.126    +0.002    -0.030      -0.150  -0.003  +0.120  -0.028  +0.293  +1.000  +0.432  +0.314\n",
      "                         :                    m_wbb:    +0.009     +0.028     +0.014                   +0.167             +0.012   +0.357    -0.004    -0.005      +0.079   +0.337    -0.005    +0.003      +0.070   +0.218    +0.015    -0.001      +0.027   +0.129    -0.001    -0.020      -0.011  +0.540  +0.691  +0.003  +0.521  +0.432  +1.000  +0.911\n",
      "                         :                   m_wwbb:    +0.022     +0.023     +0.012                   +0.220             +0.009   +0.335    -0.009    -0.009      +0.006   +0.314    -0.018    -0.009      +0.040   +0.229    +0.006    +0.007      +0.051   +0.137    -0.002    -0.018      +0.020  +0.558  +0.684  +0.013  +0.514  +0.314  +0.911  +1.000\n",
      "                         : ---------------------------------------------------------------------------------------------------------------------------------------------------------------------------------------------------------------------------------------------------------------------------------------------------------------------------------\n",
      "DataSetInfo              : Correlation matrix (Background):\n",
      "                         : ---------------------------------------------------------------------------------------------------------------------------------------------------------------------------------------------------------------------------------------------------------------------------------------------------------------------------------\n",
      "                         :                           lepton_pT lepton_eta lepton_phi missing_energy_magnitude missing_energy_phi jet_1_pt jet_1_eta jet_1_phi jet_1_b_tag jet_2_pt jet_2_eta jet_2_phi jet_2_b_tag jet_3_pt jet_3_eta jet_3_phi jet_3_b_tag jet_4_pt jet_4_eta jet_4_phi jet_4_b_tag    m_jj   m_jjj    m_lv   m_jlv    m_bb   m_wbb  m_wwbb\n",
      "                         :                lepton_pT:    +1.000     +0.016     -0.003                   -0.160             +0.022   +0.255    +0.022    -0.008      -0.063   +0.075    -0.025    -0.001      -0.018   +0.059    -0.006    -0.002      +0.002   +0.062    -0.023    +0.017      +0.049  +0.015  +0.011  +0.291  +0.172  +0.038  +0.152  +0.199\n",
      "                         :               lepton_eta:    +0.016     +1.000     -0.008                   +0.006             +0.013   -0.018    +0.233    +0.027      -0.004   +0.012    +0.223    -0.005      -0.007   +0.019    +0.155    -0.028      +0.036   +0.008    +0.139    -0.016      -0.013  +0.020  +0.007  -0.018  +0.014  +0.012  +0.014  +0.020\n",
      "                         :               lepton_phi:    -0.003     -0.008     +1.000                   +0.033             -0.033   +0.014    +0.017    -0.159      +0.007   +0.011    +0.005    -0.107      -0.020   +0.044    -0.003    -0.104      -0.004   +0.058    +0.010    -0.099      +0.023  +0.008  +0.001  -0.011  +0.007  +0.039  +0.032  +0.042\n",
      "                         : missing_energy_magnitude:    -0.160     +0.006     +0.033                   +1.000             +0.013   +0.239    +0.003    +0.009      -0.035   +0.058    +0.020    -0.003      -0.044   +0.053    -0.002    -0.019      +0.031   +0.013    +0.014    -0.011      +0.017  +0.049  +0.044  +0.123  +0.323  +0.018  +0.261  +0.344\n",
      "                         :       missing_energy_phi:    +0.022     +0.013     -0.033                   +0.013             +1.000   -0.008    -0.011    -0.165      -0.010   +0.001    -0.001    -0.089      -0.015   +0.024    -0.012    -0.087      +0.017   +0.010    +0.007    -0.064      -0.008  -0.016  -0.008  -0.005  +0.026  +0.012  +0.017  +0.022\n",
      "                         :                 jet_1_pt:    +0.255     -0.018     +0.014                   +0.239             -0.008   +1.000    +0.031    -0.000      +0.088   +0.497    +0.022    -0.013      -0.057   +0.290    +0.001    -0.035      -0.049   +0.161    -0.019    +0.016      -0.031  +0.211  +0.276  +0.038  +0.340  +0.448  +0.583  +0.520\n",
      "                         :                jet_1_eta:    +0.022     +0.233     +0.017                   +0.003             -0.011   +0.031    +1.000    -0.015      -0.007   +0.039    +0.232    +0.029      +0.037   +0.028    +0.222    +0.001      +0.022   -0.011    +0.228    -0.016      +0.007  +0.038  +0.035  +0.011  +0.036  +0.017  +0.033  +0.031\n",
      "                         :                jet_1_phi:    -0.008     +0.027     -0.159                   +0.009             -0.165   -0.000    -0.015    +1.000      +0.006   -0.007    -0.015    -0.174      -0.015   -0.008    -0.016    -0.106      -0.007   -0.018    +0.001    -0.110      +0.031  -0.023  -0.020  +0.038  -0.000  +0.002  -0.003  +0.001\n",
      "                         :              jet_1_b_tag:    -0.063     -0.004     +0.007                   -0.035             -0.010   +0.088    -0.007    +0.006      +1.000   -0.045    -0.012    -0.039      -0.249   -0.069    +0.010    +0.004      -0.284   -0.083    -0.013    +0.014      -0.251  -0.104  -0.046  +0.004  +0.120  +0.343  +0.156  +0.016\n",
      "                         :                 jet_2_pt:    +0.075     +0.012     +0.011                   +0.058             +0.001   +0.497    +0.039    -0.007      -0.045   +1.000    +0.021    -0.018      +0.145   +0.315    +0.030    -0.017      -0.068   +0.131    +0.004    -0.005      -0.059  +0.208  +0.280  +0.029  +0.214  +0.465  +0.495  +0.412\n",
      "                         :                jet_2_eta:    -0.025     +0.223     +0.005                   +0.020             -0.001   +0.022    +0.232    -0.015      -0.012   +0.021    +1.000    +0.011      +0.005   +0.000    +0.175    -0.031      -0.018   -0.005    +0.182    -0.000      +0.015  +0.038  +0.029  -0.001  +0.030  -0.007  +0.028  +0.019\n",
      "                         :                jet_2_phi:    -0.001     -0.005     -0.107                   -0.003             -0.089   -0.013    +0.029    -0.174      -0.039   -0.018    +0.011    +1.000      +0.020   +0.014    -0.002    -0.099      +0.046   +0.010    +0.018    -0.069      -0.046  -0.019  -0.002  -0.018  -0.013  -0.020  -0.007  -0.012\n",
      "                         :              jet_2_b_tag:    -0.018     -0.007     -0.020                   -0.044             -0.015   -0.057    +0.037    -0.015      -0.249   +0.145    +0.005    +0.020      +1.000   -0.127    +0.001    +0.021      -0.234   -0.148    +0.020    -0.037      -0.287  -0.079  -0.034  +0.007  +0.023  +0.115  +0.008  -0.022\n",
      "                         :                 jet_3_pt:    +0.059     +0.019     +0.044                   +0.053             +0.024   +0.290    +0.028    -0.008      -0.069   +0.315    +0.000    +0.014      -0.127   +1.000    -0.004    -0.034      +0.209   +0.284    -0.010    -0.000      -0.041  +0.186  +0.266  -0.000  +0.142  +0.303  +0.350  +0.316\n",
      "                         :                jet_3_eta:    -0.006     +0.155     -0.003                   -0.002             -0.012   +0.001    +0.222    -0.016      +0.010   +0.030    +0.175    -0.002      +0.001   -0.004    +1.000    +0.017      -0.003   -0.014    +0.157    +0.015      +0.003  +0.005  +0.007  -0.000  +0.016  +0.023  +0.015  +0.016\n",
      "                         :                jet_3_phi:    -0.002     -0.028     -0.104                   -0.019             -0.087   -0.035    +0.001    -0.106      +0.004   -0.017    -0.031    -0.099      +0.021   -0.034    +0.017    +1.000      -0.029   -0.033    -0.026    -0.043      +0.011  +0.009  +0.003  +0.026  -0.020  -0.036  -0.021  -0.005\n",
      "                         :              jet_3_b_tag:    +0.002     +0.036     -0.004                   +0.031             +0.017   -0.049    +0.022    -0.007      -0.284   -0.068    -0.018    +0.046      -0.234   +0.209    -0.003    -0.029      +1.000   -0.072    -0.004    -0.000      -0.263  +0.064  +0.055  +0.007  -0.038  -0.053  -0.013  +0.026\n",
      "                         :                 jet_4_pt:    +0.062     +0.008     +0.058                   +0.013             +0.010   +0.161    -0.011    -0.018      -0.083   +0.131    -0.005    +0.010      -0.148   +0.284    -0.014    -0.033      -0.072   +1.000    -0.035    +0.006      +0.230  +0.065  +0.123  -0.007  +0.095  +0.155  +0.178  +0.197\n",
      "                         :                jet_4_eta:    -0.023     +0.139     +0.010                   +0.014             +0.007   -0.019    +0.228    +0.001      -0.013   +0.004    +0.182    +0.018      +0.020   -0.010    +0.157    -0.026      -0.004   -0.035    +1.000    +0.009      -0.010  -0.024  -0.034  +0.006  -0.040  -0.003  -0.035  -0.026\n",
      "                         :                jet_4_phi:    +0.017     -0.016     -0.099                   -0.011             -0.064   +0.016    -0.016    -0.110      +0.014   -0.005    -0.000    -0.069      -0.037   -0.000    +0.015    -0.043      -0.000   +0.006    +0.009    +1.000      -0.004  +0.041  +0.033  +0.023  +0.031  +0.004  +0.025  +0.004\n",
      "                         :              jet_4_b_tag:    +0.049     -0.013     +0.023                   +0.017             -0.008   -0.031    +0.007    +0.031      -0.251   -0.059    +0.015    -0.046      -0.287   -0.041    +0.003    +0.011      -0.263   +0.230    -0.010    -0.004      +1.000  +0.140  +0.063  -0.006  -0.065  -0.240  -0.063  +0.022\n",
      "                         :                     m_jj:    +0.015     +0.020     +0.008                   +0.049             -0.016   +0.211    +0.038    -0.023      -0.104   +0.208    +0.038    -0.019      -0.079   +0.186    +0.005    +0.009      +0.064   +0.065    -0.024    +0.041      +0.140  +1.000  +0.820  +0.029  +0.123  -0.019  +0.416  +0.424\n",
      "                         :                    m_jjj:    +0.011     +0.007     +0.001                   +0.044             -0.008   +0.276    +0.035    -0.020      -0.046   +0.280    +0.029    -0.002      -0.034   +0.266    +0.007    +0.003      +0.055   +0.123    -0.034    +0.033      +0.063  +0.820  +1.000  +0.009  +0.161  +0.121  +0.536  +0.520\n",
