{
 "cells": [
  {
   "cell_type": "markdown",
   "metadata": {},
   "source": [
    "# Tutorial on using TMVA methods\n",
    "\n",
    "In this tutorial we will use the Boosted Decision Tree of the TMVA library, installed with ROOT, for a binary classification problem. A .root file with higgs signal and background events is used as input.\n",
    "First, we will import some usefull libraries:"
   ]
  },
  {
   "cell_type": "code",
   "execution_count": 1,
   "metadata": {},
   "outputs": [
    {
     "name": "stdout",
     "output_type": "stream",
     "text": [
      "Welcome to JupyROOT 6.11/02\n"
     ]
    }
   ],
   "source": [
    "from ROOT import TMVA, TFile, TTree, TCut\n",
    "from subprocess import call\n",
    "from os.path import isfile"
   ]
  },
  {
   "cell_type": "markdown",
   "metadata": {},
   "source": [
    "Now, we will set up TMVA, specifying the output file and the analysis type of the TMVA factory"
   ]
  },
  {
   "cell_type": "code",
   "execution_count": 2,
   "metadata": {},
   "outputs": [],
   "source": [
    "# Setup TMVA\n",
    "TMVA.Tools.Instance()\n",
    "TMVA.PyMethodBase.PyInitialize()\n",
    "\n",
    "output = TFile.Open('TMVA.root', 'RECREATE')\n",
    "factory = TMVA.Factory('TMVAClassification', output,\n",
    "                       '!V:!Silent:Color:DrawProgressBar::AnalysisType=Classification')\n"
   ]
  },
  {
   "cell_type": "markdown",
   "metadata": {},
   "source": [
    "We have to select the input root file. It has two trees, one for the signal events and one for the background. Each one contains the same variables. The necessary labels will be handled by TMVA when we specify the signal and background tree. Then, we chose the number of event we want to train our model."
   ]
  },
  {
   "cell_type": "code",
   "execution_count": 3,
   "metadata": {},
   "outputs": [
    {
     "name": "stdout",
     "output_type": "stream",
     "text": [
      "DataSetInfo              : [dataset] : Added class \"Signal\"\n",
      "                         : Add Tree TreeS of type Signal with 5296 events\n",
      "DataSetInfo              : [dataset] : Added class \"Background\"\n",
      "                         : Add Tree TreeB of type Background with 4703 events\n",
      "                         : Dataset[dataset] : Class index : 0  name : Signal\n",
      "                         : Dataset[dataset] : Class index : 1  name : Background\n"
     ]
    }
   ],
   "source": [
    "data = TFile.Open('higgs_small.root')\n",
    "signal = data.Get('TreeS')\n",
    "background = data.Get('TreeB')\n",
    "\n",
    "dataloader = TMVA.DataLoader('dataset')\n",
    "for branch in signal.GetListOfBranches():\n",
    "    dataloader.AddVariable(branch.GetName())\n",
    "\n",
    "dataloader.AddSignalTree(signal, 1.0)\n",
    "dataloader.AddBackgroundTree(background, 1.0)\n",
    "dataloader.PrepareTrainingAndTestTree(TCut(''),\n",
    "                                      'nTrain_Signal=3000:nTrain_Background=3000:SplitMode=Random:NormMode=NumEvents:!V')"
   ]
  },
  {
   "cell_type": "markdown",
   "metadata": {},
   "source": [
    "---\n",
    "Next step is choosing the built in method we want to use. We will use a BDT with 80 estimators, each one with a max depth of 4. With the `VarTransform` option we call aply transformations on the input variables. Here, we're using the decorrelation (`D`) and the gaussianization (`G`) options. Other options are normalisation,principal component analysis (PCA) and uniformisation with short-hand versions of (`N`,`P`,`U`) "
   ]
  },
  {
   "cell_type": "code",
   "execution_count": 4,
   "metadata": {},
   "outputs": [
    {
     "data": {
      "text/plain": [
       "<ROOT.TMVA::MethodBDT object (\"BDT\") at 0x562c34c62cb0>"
      ]
     },
     "execution_count": 4,
     "metadata": {},
     "output_type": "execute_result"
    },
    {
     "name": "stdout",
     "output_type": "stream",
     "text": [
      "Factory                  : Booking method: \u001b[1mFisher\u001b[0m\n",
      "                         : \n",
      "Fisher                   : [dataset] : Create Transformation \"D\" with events from all classes.\n",
      "                         : \n",
      "                         : Transformation, Variable selection : \n",
      "                         : Input : variable 'lepton_pT' <---> Output : variable 'lepton_pT'\n",
      "                         : Input : variable 'lepton_eta' <---> Output : variable 'lepton_eta'\n",
      "                         : Input : variable 'lepton_phi' <---> Output : variable 'lepton_phi'\n",
      "                         : Input : variable 'missing_energy_magnitude' <---> Output : variable 'missing_energy_magnitude'\n",
      "                         : Input : variable 'missing_energy_phi' <---> Output : variable 'missing_energy_phi'\n",
      "                         : Input : variable 'jet_1_pt' <---> Output : variable 'jet_1_pt'\n",
      "                         : Input : variable 'jet_1_eta' <---> Output : variable 'jet_1_eta'\n",
      "                         : Input : variable 'jet_1_phi' <---> Output : variable 'jet_1_phi'\n",
      "                         : Input : variable 'jet_1_b_tag' <---> Output : variable 'jet_1_b_tag'\n",
      "                         : Input : variable 'jet_2_pt' <---> Output : variable 'jet_2_pt'\n",
      "                         : Input : variable 'jet_2_eta' <---> Output : variable 'jet_2_eta'\n",
      "                         : Input : variable 'jet_2_phi' <---> Output : variable 'jet_2_phi'\n",
      "                         : Input : variable 'jet_2_b_tag' <---> Output : variable 'jet_2_b_tag'\n",
      "                         : Input : variable 'jet_3_pt' <---> Output : variable 'jet_3_pt'\n",
      "                         : Input : variable 'jet_3_eta' <---> Output : variable 'jet_3_eta'\n",
      "                         : Input : variable 'jet_3_phi' <---> Output : variable 'jet_3_phi'\n",
      "                         : Input : variable 'jet_3_b_tag' <---> Output : variable 'jet_3_b_tag'\n",
      "                         : Input : variable 'jet_4_pt' <---> Output : variable 'jet_4_pt'\n",
      "                         : Input : variable 'jet_4_eta' <---> Output : variable 'jet_4_eta'\n",
      "                         : Input : variable 'jet_4_phi' <---> Output : variable 'jet_4_phi'\n",
      "                         : Input : variable 'jet_4_b_tag' <---> Output : variable 'jet_4_b_tag'\n",
      "                         : Input : variable 'm_jj' <---> Output : variable 'm_jj'\n",
      "                         : Input : variable 'm_jjj' <---> Output : variable 'm_jjj'\n",
      "                         : Input : variable 'm_lv' <---> Output : variable 'm_lv'\n",
      "                         : Input : variable 'm_jlv' <---> Output : variable 'm_jlv'\n",
      "                         : Input : variable 'm_bb' <---> Output : variable 'm_bb'\n",
      "                         : Input : variable 'm_wbb' <---> Output : variable 'm_wbb'\n",
      "                         : Input : variable 'm_wwbb' <---> Output : variable 'm_wwbb'\n",
      "Fisher                   : [dataset] : Create Transformation \"G\" with events from all classes.\n",
      "                         : \n",
      "                         : Transformation, Variable selection : \n",
      "                         : Input : variable 'lepton_pT' <---> Output : variable 'lepton_pT'\n",
      "                         : Input : variable 'lepton_eta' <---> Output : variable 'lepton_eta'\n",
      "                         : Input : variable 'lepton_phi' <---> Output : variable 'lepton_phi'\n",
      "                         : Input : variable 'missing_energy_magnitude' <---> Output : variable 'missing_energy_magnitude'\n",
      "                         : Input : variable 'missing_energy_phi' <---> Output : variable 'missing_energy_phi'\n",
      "                         : Input : variable 'jet_1_pt' <---> Output : variable 'jet_1_pt'\n",
      "                         : Input : variable 'jet_1_eta' <---> Output : variable 'jet_1_eta'\n",
      "                         : Input : variable 'jet_1_phi' <---> Output : variable 'jet_1_phi'\n",
      "                         : Input : variable 'jet_1_b_tag' <---> Output : variable 'jet_1_b_tag'\n",
      "                         : Input : variable 'jet_2_pt' <---> Output : variable 'jet_2_pt'\n",
      "                         : Input : variable 'jet_2_eta' <---> Output : variable 'jet_2_eta'\n",
      "                         : Input : variable 'jet_2_phi' <---> Output : variable 'jet_2_phi'\n",
      "                         : Input : variable 'jet_2_b_tag' <---> Output : variable 'jet_2_b_tag'\n",
      "                         : Input : variable 'jet_3_pt' <---> Output : variable 'jet_3_pt'\n",
      "                         : Input : variable 'jet_3_eta' <---> Output : variable 'jet_3_eta'\n",
      "                         : Input : variable 'jet_3_phi' <---> Output : variable 'jet_3_phi'\n",
      "                         : Input : variable 'jet_3_b_tag' <---> Output : variable 'jet_3_b_tag'\n",
      "                         : Input : variable 'jet_4_pt' <---> Output : variable 'jet_4_pt'\n",
      "                         : Input : variable 'jet_4_eta' <---> Output : variable 'jet_4_eta'\n",
      "                         : Input : variable 'jet_4_phi' <---> Output : variable 'jet_4_phi'\n",
      "                         : Input : variable 'jet_4_b_tag' <---> Output : variable 'jet_4_b_tag'\n",
      "                         : Input : variable 'm_jj' <---> Output : variable 'm_jj'\n",
      "                         : Input : variable 'm_jjj' <---> Output : variable 'm_jjj'\n",
      "                         : Input : variable 'm_lv' <---> Output : variable 'm_lv'\n",
      "                         : Input : variable 'm_jlv' <---> Output : variable 'm_jlv'\n",
      "                         : Input : variable 'm_bb' <---> Output : variable 'm_bb'\n",
      "                         : Input : variable 'm_wbb' <---> Output : variable 'm_wbb'\n",
      "                         : Input : variable 'm_wwbb' <---> Output : variable 'm_wwbb'\n",
      "Factory                  : Booking method: \u001b[1mBDT\u001b[0m\n",
      "                         : \n",
      "BDT                      : [dataset] : Create Transformation \"G\" with events from all classes.\n",
      "                         : \n",
      "                         : Transformation, Variable selection : \n",
      "                         : Input : variable 'lepton_pT' <---> Output : variable 'lepton_pT'\n",
      "                         : Input : variable 'lepton_eta' <---> Output : variable 'lepton_eta'\n",
      "                         : Input : variable 'lepton_phi' <---> Output : variable 'lepton_phi'\n",
      "                         : Input : variable 'missing_energy_magnitude' <---> Output : variable 'missing_energy_magnitude'\n",
      "                         : Input : variable 'missing_energy_phi' <---> Output : variable 'missing_energy_phi'\n",
      "                         : Input : variable 'jet_1_pt' <---> Output : variable 'jet_1_pt'\n",
      "                         : Input : variable 'jet_1_eta' <---> Output : variable 'jet_1_eta'\n",
      "                         : Input : variable 'jet_1_phi' <---> Output : variable 'jet_1_phi'\n",
      "                         : Input : variable 'jet_1_b_tag' <---> Output : variable 'jet_1_b_tag'\n",
      "                         : Input : variable 'jet_2_pt' <---> Output : variable 'jet_2_pt'\n",
      "                         : Input : variable 'jet_2_eta' <---> Output : variable 'jet_2_eta'\n",
      "                         : Input : variable 'jet_2_phi' <---> Output : variable 'jet_2_phi'\n",
      "                         : Input : variable 'jet_2_b_tag' <---> Output : variable 'jet_2_b_tag'\n",
      "                         : Input : variable 'jet_3_pt' <---> Output : variable 'jet_3_pt'\n",
      "                         : Input : variable 'jet_3_eta' <---> Output : variable 'jet_3_eta'\n",
      "                         : Input : variable 'jet_3_phi' <---> Output : variable 'jet_3_phi'\n",
      "                         : Input : variable 'jet_3_b_tag' <---> Output : variable 'jet_3_b_tag'\n",
      "                         : Input : variable 'jet_4_pt' <---> Output : variable 'jet_4_pt'\n",
      "                         : Input : variable 'jet_4_eta' <---> Output : variable 'jet_4_eta'\n",
      "                         : Input : variable 'jet_4_phi' <---> Output : variable 'jet_4_phi'\n",
      "                         : Input : variable 'jet_4_b_tag' <---> Output : variable 'jet_4_b_tag'\n",
      "                         : Input : variable 'm_jj' <---> Output : variable 'm_jj'\n",
      "                         : Input : variable 'm_jjj' <---> Output : variable 'm_jjj'\n",
      "                         : Input : variable 'm_lv' <---> Output : variable 'm_lv'\n",
      "                         : Input : variable 'm_jlv' <---> Output : variable 'm_jlv'\n",
      "                         : Input : variable 'm_bb' <---> Output : variable 'm_bb'\n",
      "                         : Input : variable 'm_wbb' <---> Output : variable 'm_wbb'\n",
      "                         : Input : variable 'm_wwbb' <---> Output : variable 'm_wwbb'\n",
      "BDT                      : [dataset] : Create Transformation \"D\" with events from all classes.\n",
      "                         : \n",
      "                         : Transformation, Variable selection : \n",
      "                         : Input : variable 'lepton_pT' <---> Output : variable 'lepton_pT'\n",
      "                         : Input : variable 'lepton_eta' <---> Output : variable 'lepton_eta'\n",
      "                         : Input : variable 'lepton_phi' <---> Output : variable 'lepton_phi'\n",
      "                         : Input : variable 'missing_energy_magnitude' <---> Output : variable 'missing_energy_magnitude'\n",
      "                         : Input : variable 'missing_energy_phi' <---> Output : variable 'missing_energy_phi'\n",
      "                         : Input : variable 'jet_1_pt' <---> Output : variable 'jet_1_pt'\n",
      "                         : Input : variable 'jet_1_eta' <---> Output : variable 'jet_1_eta'\n",
      "                         : Input : variable 'jet_1_phi' <---> Output : variable 'jet_1_phi'\n",
      "                         : Input : variable 'jet_1_b_tag' <---> Output : variable 'jet_1_b_tag'\n",
      "                         : Input : variable 'jet_2_pt' <---> Output : variable 'jet_2_pt'\n",
      "                         : Input : variable 'jet_2_eta' <---> Output : variable 'jet_2_eta'\n",
      "                         : Input : variable 'jet_2_phi' <---> Output : variable 'jet_2_phi'\n",
      "                         : Input : variable 'jet_2_b_tag' <---> Output : variable 'jet_2_b_tag'\n",
      "                         : Input : variable 'jet_3_pt' <---> Output : variable 'jet_3_pt'\n",
      "                         : Input : variable 'jet_3_eta' <---> Output : variable 'jet_3_eta'\n",
      "                         : Input : variable 'jet_3_phi' <---> Output : variable 'jet_3_phi'\n",
      "                         : Input : variable 'jet_3_b_tag' <---> Output : variable 'jet_3_b_tag'\n",
      "                         : Input : variable 'jet_4_pt' <---> Output : variable 'jet_4_pt'\n",
      "                         : Input : variable 'jet_4_eta' <---> Output : variable 'jet_4_eta'\n",
      "                         : Input : variable 'jet_4_phi' <---> Output : variable 'jet_4_phi'\n",
      "                         : Input : variable 'jet_4_b_tag' <---> Output : variable 'jet_4_b_tag'\n",
      "                         : Input : variable 'm_jj' <---> Output : variable 'm_jj'\n",
      "                         : Input : variable 'm_jjj' <---> Output : variable 'm_jjj'\n",
      "                         : Input : variable 'm_lv' <---> Output : variable 'm_lv'\n",
      "                         : Input : variable 'm_jlv' <---> Output : variable 'm_jlv'\n",
      "                         : Input : variable 'm_bb' <---> Output : variable 'm_bb'\n",
      "                         : Input : variable 'm_wbb' <---> Output : variable 'm_wbb'\n",
      "                         : Input : variable 'm_wwbb' <---> Output : variable 'm_wwbb'\n",
      "DataSetFactory           : [dataset] : Number of events in input trees\n",
      "                         : \n",
      "                         : \n",
      "                         : Number of training and testing events\n",
      "                         : ---------------------------------------------------------------------------\n",
      "                         : Signal     -- training events            : 3000\n",
      "                         : Signal     -- testing events             : 2296\n",
      "                         : Signal     -- training and testing events: 5296\n",
      "                         : Background -- training events            : 3000\n",
      "                         : Background -- testing events             : 1703\n",
      "                         : Background -- training and testing events: 4703\n",
      "                         : \n",
      "DataSetInfo              : Correlation matrix (Signal):\n",
      "                         : ---------------------------------------------------------------------------------------------------------------------------------------------------------------------------------------------------------------------------------------------------------------------------------------------------------------------------------\n",
      "                         :                           lepton_pT lepton_eta lepton_phi missing_energy_magnitude missing_energy_phi jet_1_pt jet_1_eta jet_1_phi jet_1_b_tag jet_2_pt jet_2_eta jet_2_phi jet_2_b_tag jet_3_pt jet_3_eta jet_3_phi jet_3_b_tag jet_4_pt jet_4_eta jet_4_phi jet_4_b_tag    m_jj   m_jjj    m_lv   m_jlv    m_bb   m_wbb  m_wwbb\n",
      "                         :                lepton_pT:    +1.000     +0.001     -0.037                   -0.159             -0.021   +0.081    +0.012    +0.022      +0.047   -0.082    -0.009    -0.025      -0.009   -0.047    +0.006    -0.014      +0.004   -0.078    +0.009    -0.016      -0.032  +0.025  +0.005  +0.244  +0.048  -0.055  +0.025  +0.047\n",
      "                         :               lepton_eta:    +0.001     +1.000     +0.010                   -0.001             -0.013   -0.005    +0.308    +0.006      -0.014   +0.007    +0.288    -0.009      -0.013   +0.008    +0.260    +0.048      -0.004   -0.006    +0.233    -0.013      +0.018  +0.001  +0.002  +0.005  -0.011  -0.003  -0.010  +0.001\n",
      "                         :               lepton_phi:    -0.037     +0.010     +1.000                   +0.006             -0.075   -0.004    -0.020    -0.160      +0.004   +0.002    +0.043    -0.035      +0.002   -0.019    +0.011    -0.074      +0.015   +0.004    -0.009    -0.071      -0.007  +0.016  +0.011  -0.018  -0.015  +0.005  +0.001  +0.005\n",
      "                         : missing_energy_magnitude:    -0.159     -0.001     +0.006                   +1.000             +0.030   +0.132    -0.006    +0.025      +0.012   +0.026    -0.002    -0.028      +0.001   -0.027    -0.010    -0.010      -0.003   -0.022    -0.000    +0.007      -0.029  +0.023  +0.025  +0.256  +0.230  -0.006  +0.178  +0.237\n",
      "                         :       missing_energy_phi:    -0.021     -0.013     -0.075                   +0.030             +1.000   -0.013    -0.005    -0.144      -0.009   +0.008    -0.014    -0.061      +0.025   +0.002    -0.025    -0.021      -0.005   +0.006    +0.014    -0.002      +0.002  +0.007  +0.014  +0.031  -0.016  -0.001  +0.008  +0.007\n",
      "                         :                 jet_1_pt:    +0.081     -0.005     -0.004                   +0.132             -0.013   +1.000    +0.009    +0.012      -0.092   +0.450    +0.000    -0.032      -0.051   +0.277    -0.038    -0.031      -0.003   +0.186    +0.000    -0.002      +0.019  +0.142  +0.216  +0.017  +0.191  +0.183  +0.348  +0.336\n",
      "                         :                jet_1_eta:    +0.012     +0.308     -0.020                   -0.006             -0.005   +0.009    +1.000    +0.010      -0.001   -0.035    +0.233    +0.009      -0.017   +0.002    +0.238    +0.006      +0.013   +0.007    +0.170    -0.017      +0.002  +0.027  +0.010  +0.015  -0.000  -0.006  +0.007  +0.013\n",
      "                         :                jet_1_phi:    +0.022     +0.006     -0.160                   +0.025             -0.144   +0.012    +0.010    +1.000      -0.008   +0.022    +0.011    -0.220      +0.003   -0.034    +0.014    -0.156      -0.002   -0.011    -0.009    -0.152      -0.011  -0.005  -0.014  +0.023  +0.018  -0.017  -0.006  -0.001\n",
      "                         :              jet_1_b_tag:    +0.047     -0.014     +0.004                   +0.012             -0.009   -0.092    -0.001    -0.008      +1.000   -0.248    -0.003    +0.011      -0.291   -0.215    -0.015    +0.013      -0.246   -0.189    +0.010    +0.018      -0.218  -0.119  -0.091  -0.009  +0.108  +0.243  +0.053  -0.020\n",
      "                         :                 jet_2_pt:    -0.082     +0.007     +0.002                   +0.026             +0.008   +0.450    -0.035    +0.022      -0.248   +1.000    +0.001    -0.006      +0.142   +0.282    -0.012    -0.032      -0.021   +0.189    +0.026    -0.018      +0.009  +0.145  +0.213  +0.032  +0.190  +0.210  +0.333  +0.319\n",
      "                         :                jet_2_eta:    -0.009     +0.288     +0.043                   -0.002             -0.014   +0.000    +0.233    +0.011      -0.003   +0.001    +1.000    +0.013      +0.008   +0.004    +0.231    +0.007      -0.021   +0.002    +0.186    -0.020      +0.004  -0.011  -0.001  -0.036  -0.005  -0.002  +0.007  +0.012\n",
      "                         :                jet_2_phi:    -0.025     -0.009     -0.035                   -0.028             -0.061   -0.032    +0.009    -0.220      +0.011   -0.006    +0.013    +1.000      +0.003   -0.010    -0.001    -0.062      +0.006   -0.011    -0.000    -0.078      +0.017  -0.003  -0.000  -0.018  -0.021  +0.004  -0.020  -0.015\n",
      "                         :              jet_2_b_tag:    -0.009     -0.013     +0.002                   +0.001             +0.025   -0.051    -0.017    +0.003      -0.291   +0.142    +0.008    +0.003      +1.000   -0.051    -0.012    -0.005      -0.214   -0.057    -0.040    +0.018      -0.223  -0.020  +0.028  -0.003  +0.069  +0.132  +0.067  +0.037\n",
      "                         :                 jet_3_pt:    -0.047     +0.008     -0.019                   -0.027             +0.002   +0.277    +0.002    -0.034      -0.215   +0.282    +0.004    -0.010      -0.051   +1.000    +0.007    -0.001      +0.179   +0.276    +0.007    -0.015      -0.015  +0.163  +0.249  -0.006  +0.121  +0.205  +0.254  +0.257\n",
      "                         :                jet_3_eta:    +0.006     +0.260     +0.011                   -0.010             -0.025   -0.038    +0.238    +0.014      -0.015   -0.012    +0.231    -0.001      -0.012   +0.007    +1.000    -0.018      -0.037   +0.035    +0.160    +0.011      +0.037  -0.008  -0.000  +0.003  -0.013  -0.010  -0.007  +0.012\n",
      "                         :                jet_3_phi:    -0.014     +0.048     -0.074                   -0.010             -0.021   -0.031    +0.006    -0.156      +0.013   -0.032    +0.007    -0.062      -0.005   -0.001    -0.018    +1.000      -0.032   -0.006    +0.009    -0.046      +0.029  +0.003  -0.007  -0.007  -0.036  +0.020  -0.026  -0.033\n",
      "                         :              jet_3_b_tag:    +0.004     -0.004     +0.015                   -0.003             -0.005   -0.003    +0.013    -0.002      -0.246   -0.021    -0.021    +0.006      -0.214   +0.179    -0.037    -0.032      +1.000   -0.063    -0.017    -0.028      -0.275  +0.084  +0.109  +0.012  -0.024  -0.015  +0.026  +0.044\n",
      "                         :                 jet_4_pt:    -0.078     -0.006     +0.004                   -0.022             +0.006   +0.186    +0.007    -0.011      -0.189   +0.189    +0.002    -0.011      -0.057   +0.276    +0.035    -0.006      -0.063   +1.000    +0.023    +0.000      +0.205  +0.113  +0.200  -0.026  +0.052  +0.123  +0.152  +0.161\n",
      "                         :                jet_4_eta:    +0.009     +0.233     -0.009                   -0.000             +0.014   +0.000    +0.170    -0.009      +0.010   +0.026    +0.186    -0.000      -0.040   +0.007    +0.160    +0.009      -0.017   +0.023    +1.000    -0.001      +0.027  -0.013  -0.017  +0.002  +0.015  -0.022  -0.010  +0.000\n",
      "                         :                jet_4_phi:    -0.016     -0.013     -0.071                   +0.007             -0.002   -0.002    -0.017    -0.152      +0.018   -0.018    -0.020    -0.078      +0.018   -0.015    +0.011    -0.046      -0.028   +0.000    -0.001    +1.000      -0.014  -0.011  -0.005  +0.010  -0.006  +0.025  +0.011  +0.008\n",
      "                         :              jet_4_b_tag:    -0.032     +0.018     -0.007                   -0.029             +0.002   +0.019    +0.002    -0.011      -0.218   +0.009    +0.004    +0.017      -0.223   -0.015    +0.037    +0.029      -0.275   +0.205    +0.027    -0.014      +1.000  +0.109  +0.048  +0.017  -0.075  -0.178  -0.042  +0.002\n",
      "                         :                     m_jj:    +0.025     +0.001     +0.016                   +0.023             +0.007   +0.142    +0.027    -0.005      -0.119   +0.145    -0.011    -0.003      -0.020   +0.163    -0.008    +0.003      +0.084   +0.113    -0.013    -0.011      +0.109  +1.000  +0.775  +0.025  +0.117  +0.011  +0.530  +0.534\n",
      "                         :                    m_jjj:    +0.005     +0.002     +0.011                   +0.025             +0.014   +0.216    +0.010    -0.014      -0.091   +0.213    -0.001    -0.000      +0.028   +0.249    -0.000    -0.007      +0.109   +0.200    -0.017    -0.005      +0.048  +0.775  +1.000  +0.008  +0.077  +0.137  +0.686  +0.663\n",
      "                         :                     m_lv:    +0.244     +0.005     -0.018                   +0.256             +0.031   +0.017    +0.015    +0.023      -0.009   +0.032    -0.036    -0.018      -0.003   -0.006    +0.003    -0.007      +0.012   -0.026    +0.002    +0.010      +0.017  +0.025  +0.008  +1.000  +0.116  -0.031  +0.021  +0.039\n",
      "                         :                    m_jlv:    +0.048     -0.011     -0.015                   +0.230             -0.016   +0.191    -0.000    +0.018      +0.108   +0.190    -0.005    -0.021      +0.069   +0.121    -0.013    -0.036      -0.024   +0.052    +0.015    -0.006      -0.075  +0.117  +0.077  +0.116  +1.000  +0.313  +0.548  +0.558\n",
      "                         :                     m_bb:    -0.055     -0.003     +0.005                   -0.006             -0.001   +0.183    -0.006    -0.017      +0.243   +0.210    -0.002    +0.004      +0.132   +0.205    -0.010    +0.020      -0.015   +0.123    -0.022    +0.025      -0.178  +0.011  +0.137  -0.031  +0.313  +1.000  +0.432  +0.316\n",
      "                         :                    m_wbb:    +0.025     -0.010     +0.001                   +0.178             +0.008   +0.348    +0.007    -0.006      +0.053   +0.333    +0.007    -0.020      +0.067   +0.254    -0.007    -0.026      +0.026   +0.152    -0.010    +0.011      -0.042  +0.530  +0.686  +0.021  +0.548  +0.432  +1.000  +0.908\n",
      "                         :                   m_wwbb:    +0.047     +0.001     +0.005                   +0.237             +0.007   +0.336    +0.013    -0.001      -0.020   +0.319    +0.012    -0.015      +0.037   +0.257    +0.012    -0.033      +0.044   +0.161    +0.000    +0.008      +0.002  +0.534  +0.663  +0.039  +0.558  +0.316  +0.908  +1.000\n",
      "                         : ---------------------------------------------------------------------------------------------------------------------------------------------------------------------------------------------------------------------------------------------------------------------------------------------------------------------------------\n",
      "DataSetInfo              : Correlation matrix (Background):\n",
      "                         : ---------------------------------------------------------------------------------------------------------------------------------------------------------------------------------------------------------------------------------------------------------------------------------------------------------------------------------\n",
      "                         :                           lepton_pT lepton_eta lepton_phi missing_energy_magnitude missing_energy_phi jet_1_pt jet_1_eta jet_1_phi jet_1_b_tag jet_2_pt jet_2_eta jet_2_phi jet_2_b_tag jet_3_pt jet_3_eta jet_3_phi jet_3_b_tag jet_4_pt jet_4_eta jet_4_phi jet_4_b_tag    m_jj   m_jjj    m_lv   m_jlv    m_bb   m_wbb  m_wwbb\n",
      "                         :                lepton_pT:    +1.000     -0.012     +0.015                   -0.170             -0.018   +0.271    -0.014    -0.010      -0.063   +0.076    -0.010    -0.011      -0.024   +0.044    -0.051    -0.002      +0.033   +0.016    -0.003    +0.016      +0.046  +0.045  +0.060  +0.301  +0.136  +0.016  +0.141  +0.207\n",
      "                         :               lepton_eta:    -0.012     +1.000     -0.011                   +0.012             +0.032   -0.026    +0.263    -0.005      +0.019   -0.010    +0.241    -0.011      +0.001   -0.001    +0.185    -0.011      -0.003   -0.035    +0.136    +0.010      -0.021  -0.009  -0.006  -0.012  -0.010  +0.012  -0.003  -0.004\n",
      "                         :               lepton_phi:    +0.015     -0.011     +1.000                   -0.008             -0.067   +0.002    +0.054    -0.177      -0.013   -0.019    +0.036    -0.104      +0.010   -0.027    +0.028    -0.086      -0.003   -0.027    +0.022    -0.074      -0.019  +0.001  -0.019  +0.004  +0.024  -0.009  -0.017  -0.004\n",
      "                         : missing_energy_magnitude:    -0.170     +0.012     -0.008                   +1.000             -0.002   +0.276    -0.047    +0.015      -0.039   +0.070    -0.005    +0.025      -0.064   +0.044    +0.032    +0.011      +0.013   +0.066    +0.019    -0.023      +0.059  +0.078  +0.069  +0.120  +0.339  +0.076  +0.268  +0.357\n",
      "                         :       missing_energy_phi:    -0.018     +0.032     -0.067                   -0.002             +1.000   -0.014    +0.016    -0.157      -0.001   -0.020    +0.013    -0.099      -0.009   -0.021    +0.006    -0.046      +0.005   -0.016    -0.007    -0.069      -0.001  -0.009  -0.000  -0.028  -0.009  -0.018  -0.004  -0.001\n",
      "                         :                 jet_1_pt:    +0.271     -0.026     +0.002                   +0.276             -0.014   +1.000    -0.015    -0.020      +0.089   +0.479    -0.022    -0.011      -0.021   +0.274    +0.003    +0.024      -0.060   +0.115    +0.001    +0.012      -0.028  +0.183  +0.284  +0.107  +0.425  +0.503  +0.593  +0.548\n",
      "                         :                jet_1_eta:    -0.014     +0.263     +0.054                   -0.047             +0.016   -0.015    +1.000    -0.029      -0.002   +0.001    +0.295    -0.015      -0.014   +0.010    +0.233    +0.002      -0.001   -0.017    +0.191    +0.000      -0.034  -0.048  -0.041  -0.018  -0.020  +0.016  -0.028  -0.037\n",
      "                         :                jet_1_phi:    -0.010     -0.005     -0.177                   +0.015             -0.157   -0.020    -0.029    +1.000      -0.015   +0.009    -0.006    -0.150      +0.017   +0.018    +0.000    -0.136      +0.006   +0.002    +0.010    -0.089      +0.006  +0.011  -0.001  +0.014  -0.004  -0.003  -0.007  +0.006\n",
      "                         :              jet_1_b_tag:    -0.063     +0.019     -0.013                   -0.039             -0.001   +0.089    -0.002    -0.015      +1.000   -0.030    +0.001    -0.009      -0.211   -0.067    +0.006    +0.035      -0.261   -0.078    +0.007    +0.020      -0.271  -0.069  +0.017  +0.015  +0.169  +0.330  +0.186  +0.057\n",
      "                         :                 jet_2_pt:    +0.076     -0.010     -0.019                   +0.070             -0.020   +0.479    +0.001    +0.009      -0.030   +1.000    +0.015    -0.017      +0.169   +0.278    -0.008    +0.014      -0.103   +0.136    -0.011    +0.010      -0.072  +0.214  +0.289  +0.064  +0.273  +0.493  +0.498  +0.430\n",
      "                         :                jet_2_eta:    -0.010     +0.241     +0.036                   -0.005             +0.013   -0.022    +0.295    -0.006      +0.001   +0.015    +1.000    -0.015      +0.017   +0.003    +0.202    -0.023      +0.020   -0.040    +0.189    -0.020      -0.048  -0.034  -0.017  -0.031  -0.000  -0.006  -0.020  -0.014\n",
      "                         :                jet_2_phi:    -0.011     -0.011     -0.104                   +0.025             -0.099   -0.011    -0.015    -0.150      -0.009   -0.017    -0.015    +1.000      -0.008   -0.002    -0.011    -0.112      +0.014   -0.013    -0.034    -0.054      -0.010  -0.013  -0.023  +0.029  +0.008  +0.000  -0.005  -0.017\n",
      "                         :              jet_2_b_tag:    -0.024     +0.001     +0.010                   -0.064             -0.009   -0.021    -0.014    +0.017      -0.211   +0.169    +0.017    -0.008      +1.000   -0.076    -0.001    -0.024      -0.292   -0.112    -0.021    -0.034      -0.267  -0.021  +0.007  +0.016  +0.044  +0.162  +0.067  +0.020\n",
      "                         :                 jet_3_pt:    +0.044     -0.001     -0.027                   +0.044             -0.021   +0.274    +0.010    +0.018      -0.067   +0.278    +0.003    -0.002      -0.076   +1.000    -0.034    -0.000      +0.176   +0.255    +0.003    -0.015      -0.088  +0.175  +0.277  +0.026  +0.168  +0.340  +0.333  +0.312\n",
      "                         :                jet_3_eta:    -0.051     +0.185     +0.028                   +0.032             +0.006   +0.003    +0.233    +0.000      +0.006   -0.008    +0.202    -0.011      -0.001   -0.034    +1.000    -0.017      -0.013   -0.004    +0.131    -0.010      -0.002  +0.012  -0.006  -0.023  -0.004  +0.000  +0.002  +0.017\n",
      "                         :                jet_3_phi:    -0.002     -0.011     -0.086                   +0.011             -0.046   +0.024    +0.002    -0.136      +0.035   +0.014    -0.023    -0.112      -0.024   -0.000    -0.017    +1.000      -0.004   -0.005    -0.010    -0.070      -0.009  -0.018  -0.002  -0.012  +0.014  +0.019  +0.025  +0.020\n",
      "                         :              jet_3_b_tag:    +0.033     -0.003     -0.003                   +0.013             +0.005   -0.060    -0.001    +0.006      -0.261   -0.103    +0.020    +0.014      -0.292   +0.176    -0.013    -0.004      +1.000   -0.070    -0.022    +0.007      -0.230  +0.043  +0.017  -0.016  -0.068  -0.106  -0.081  -0.024\n",
      "                         :                 jet_4_pt:    +0.016     -0.035     -0.027                   +0.066             -0.016   +0.115    -0.017    +0.002      -0.078   +0.136    -0.040    -0.013      -0.112   +0.255    -0.004    -0.005      -0.070   +1.000    +0.022    -0.008      +0.192  +0.124  +0.166  +0.001  +0.059  +0.137  +0.168  +0.183\n",
      "                         :                jet_4_eta:    -0.003     +0.136     +0.022                   +0.019             -0.007   +0.001    +0.191    +0.010      +0.007   -0.011    +0.189    -0.034      -0.021   +0.003    +0.131    -0.010      -0.022   +0.022    +1.000    -0.024      +0.012  -0.033  -0.046  +0.002  +0.003  +0.011  +0.004  -0.003\n",
      "                         :                jet_4_phi:    +0.016     +0.010     -0.074                   -0.023             -0.069   +0.012    +0.000    -0.089      +0.020   +0.010    -0.020    -0.054      -0.034   -0.015    -0.010    -0.070      +0.007   -0.008    -0.024    +1.000      +0.005  +0.031  +0.029  -0.003  -0.019  -0.029  -0.003  -0.006\n",
      "                         :              jet_4_b_tag:    +0.046     -0.021     -0.019                   +0.059             -0.001   -0.028    -0.034    +0.006      -0.271   -0.072    -0.048    -0.010      -0.267   -0.088    -0.002    -0.009      -0.230   +0.192    +0.012    +0.005      +1.000  +0.089  +0.021  -0.001  -0.097  -0.244  -0.092  -0.007\n",
      "                         :                     m_jj:    +0.045     -0.009     +0.001                   +0.078             -0.009   +0.183    -0.048    +0.011      -0.069   +0.214    -0.034    -0.013      -0.021   +0.175    +0.012    -0.018      +0.043   +0.124    -0.033    +0.031      +0.089  +1.000  +0.779  +0.027  +0.160  +0.042  +0.391  +0.408\n",
      "                         :                    m_jjj:    +0.060     -0.006     -0.019                   +0.069             -0.000   +0.284    -0.041    -0.001      +0.017   +0.289    -0.017    -0.023      +0.007   +0.277    -0.006    -0.002      +0.017   +0.166    -0.046    +0.029      +0.021  +0.779  +1.000  +0.068  +0.215  +0.203  +0.565  +0.554\n",
      "                         :                     m_lv:    +0.301     -0.012     +0.004                   +0.120             -0.028   +0.107    -0.018    +0.014      +0.015   +0.064    -0.031    +0.029      +0.016   +0.026    -0.023    -0.012      -0.016   +0.001    +0.002    -0.003      -0.001  +0.027  +0.068  +1.000  +0.187  +0.048  +0.125  +0.133\n",
      "                         :                    m_jlv:    +0.136     -0.010     +0.024                   +0.339             -0.009   +0.425    -0.020    -0.004      +0.169   +0.273    -0.000    +0.008      +0.044   +0.168    -0.004    +0.014      -0.068   +0.059    +0.003    -0.019      -0.097  +0.160  +0.215  +0.187  +1.000  +0.354  +0.615  +0.561\n",
      "                         :                     m_bb:    +0.016     +0.012     -0.009                   +0.076             -0.018   +0.503    +0.016    -0.003      +0.330   +0.493    -0.006    +0.000      +0.162   +0.340    +0.000    +0.019      -0.106   +0.137    +0.011    -0.029      -0.244  +0.042  +0.203  +0.048  +0.354  +1.000  +0.644  +0.477\n",
      "                         :                    m_wbb:    +0.141     -0.003     -0.017                   +0.268             -0.004   +0.593    -0.028    -0.007      +0.186   +0.498    -0.020    -0.005      +0.067   +0.333    +0.002    +0.025      -0.081   +0.168    +0.004    -0.003      -0.092  +0.391  +0.565  +0.125  +0.615  +0.644  +1.000  +0.897\n",
      "                         :                   m_wwbb:    +0.207     -0.004     -0.004                   +0.357             -0.001   +0.548    -0.037    +0.006      +0.057   +0.430    -0.014    -0.017      +0.020   +0.312    +0.017    +0.020      -0.024   +0.183    -0.003    -0.006      -0.007  +0.408  +0.554  +0.133  +0.561  +0.477  +0.897  +1.000\n",
      "                         : ---------------------------------------------------------------------------------------------------------------------------------------------------------------------------------------------------------------------------------------------------------------------------------------------------------------------------------\n",
